d,o,h,l,c,v,p,s
2005-01-04,2150.000,2155.000,2142.000,2150.000,58792,63364,0.000
2005-01-05,2131.000,2154.000,2127.000,2154.000,71172,62704,0.000
2005-01-06,2152.000,2168.000,2146.000,2167.000,66174,63948,0.000
2005-01-07,2175.000,2193.000,2162.000,2182.000,125558,61888,0.000
2005-01-10,2193.000,2200.000,2170.000,2177.000,87462,61274,0.000
2005-01-11,2196.000,2200.000,2182.000,2185.000,89982,68346,0.000
2005-01-12,2175.000,2185.000,2171.000,2173.000,59888,67496,0.000
2005-01-13,2158.000,2176.000,2158.000,2166.000,56822,62516,0.000
2005-01-14,2173.000,2179.000,2149.000,2152.000,101698,64886,0.000
2005-01-17,2130.000,2147.000,2128.000,2144.000,70536,69090,0.000
2005-01-18,2145.000,2150.000,2133.000,2148.000,97068,68762,0.000
2005-01-19,2141.000,2149.000,2138.000,2148.000,48676,68706,0.000
2005-01-20,2151.000,2155.000,2134.000,2138.000,50328,69594,0.000
2005-01-21,2146.000,2146.000,2132.000,2136.000,42586,69034,0.000
2005-01-24,2130.000,2156.000,2127.000,2155.000,79694,71630,0.000
2005-01-25,2148.000,2151.000,2137.000,2138.000,43222,71148,0.000
2005-01-26,2149.000,2152.000,2140.000,2146.000,44316,66562,0.000
2005-01-27,2143.000,2145.000,2135.000,2140.000,27990,64782,0.000
2005-01-28,2131.000,2133.000,2108.000,2117.000,84258,67622,0.000
2005-01-31,2118.000,2119.000,2086.000,2090.000,95226,70350,0.000
2005-02-01,2098.000,2102.000,2092.000,2098.000,42160,66892,0.000
2005-02-02,2080.000,2087.000,2073.000,2087.000,51436,64112,0.000
2005-02-03,2084.000,2097.000,2082.000,2096.000,26450,60480,0.000
2005-02-04,2088.000,2100.000,2086.000,2093.000,29572,55110,0.000
2005-02-16,2168.000,2168.000,2138.000,2141.000,53384,53412,0.000
2005-02-17,2144.000,2157.000,2134.000,2156.000,55822,58636,0.000
2005-02-18,2180.000,2198.000,2180.000,2187.000,90224,58992,0.000
2005-02-21,2191.000,2223.000,2187.000,2223.000,95812,74918,0.000
2005-02-22,2225.000,2293.000,2223.000,2293.000,245800,84064,0.000
2005-02-23,2327.000,2350.000,2298.000,2308.000,273168,89764,0.000
2005-02-24,2323.000,2361.000,2311.000,2359.000,345048,98676,0.000
2005-02-25,2331.000,2344.000,2313.000,2326.000,302260,93028,0.000
2005-02-28,2410.000,2422.000,2410.000,2422.000,50928,87024,0.000
2005-03-01,2460.000,2488.000,2443.000,2468.000,380232,93950,0.000
2005-03-02,2444.000,2560.000,2442.000,2560.000,540454,113592,0.000
2005-03-03,2580.000,2600.000,2545.000,2567.000,512330,111636,0.000
2005-03-04,2581.000,2612.000,2511.000,2556.000,734712,115546,0.000
2005-03-07,2580.000,2602.000,2566.000,2584.000,523262,127314,0.000
2005-03-08,2525.000,2536.000,2498.000,2523.000,429588,107596,0.000
2005-03-09,2560.000,2568.000,2533.000,2534.000,244772,115438,0.000
2005-03-10,2534.000,2562.000,2527.000,2558.000,323494,107418,0.000
2005-03-11,2585.000,2623.000,2585.000,2612.000,334558,106780,0.000
2005-03-14,2700.000,2709.000,2660.000,2709.000,203540,113688,0.000
2005-03-15,2730.000,2801.000,2711.000,2801.000,241514,111762,0.000
2005-03-16,2862.000,2871.000,2854.000,2871.000,88722,70840,0.000
2005-03-17,2856.000,2926.000,2825.000,2839.000,257330,53642,0.000
2005-03-18,2835.000,2866.000,2758.000,2758.000,150360,43990,0.000
2005-03-21,2720.000,2734.000,2699.000,2713.000,10958,4712,0.000
2005-03-22,2600.000,2659.000,2600.000,2628.000,76814,32586,0.000
2005-03-23,2628.000,2647.000,2585.000,2589.000,46118,27604,0.000
2005-03-24,2606.000,2674.000,2606.000,2643.000,81876,24988,0.000
2005-03-25,2663.000,2680.000,2658.000,2663.000,50704,25474,0.000
2005-03-28,2680.000,2680.000,2648.000,2658.000,21794,23820,0.000
2005-03-29,2645.000,2663.000,2641.000,2642.000,9538,17608,0.000
2005-03-30,2691.000,2691.000,2620.000,2630.000,8040,3534,0.000
2005-03-31,2643.000,2699.000,2643.000,2671.000,22968,21134,0.000
2005-04-01,2608.000,2608.000,2572.000,2585.000,13826,13916,0.000
2005-04-04,2581.000,2648.000,2581.000,2625.000,8008,3402,0.000
2005-04-05,2620.000,2632.000,2603.000,2618.000,5836,3632,0.000
2005-04-06,2635.000,2649.000,2620.000,2640.000,5142,4186,0.000
2005-04-07,2676.000,2688.000,2657.000,2672.000,4106,3864,0.000
2005-04-08,2660.000,2661.000,2634.000,2635.000,3040,3750,0.000
2005-04-11,2617.000,2622.000,2560.000,2571.000,6460,3168,0.000
2005-04-12,2573.000,2596.000,2570.000,2573.000,4422,7140,0.000
2005-04-13,2580.000,2588.000,2558.000,2570.000,3996,3428,0.000
2005-04-14,2596.000,2600.000,2567.000,2584.000,6782,3580,0.000
2005-04-15,2570.000,2579.000,2556.000,2568.000,2662,3566,0.000
2005-04-18,2568.000,2575.000,2537.000,2562.000,8432,3714,0.000
2005-04-19,2560.000,2608.000,2554.000,2605.000,9092,4778,0.000
2005-04-20,2667.000,2687.000,2661.000,2687.000,7876,5420,0.000
2005-04-21,2678.000,2706.000,2594.000,2606.000,27552,7482,0.000
2005-04-22,2650.000,2653.000,2617.000,2643.000,8402,7968,0.000
2005-04-25,2601.000,2673.000,2601.000,2667.000,25476,12414,0.000
2005-04-26,2643.000,2653.000,2637.000,2640.000,11374,14620,0.000
2005-04-27,2640.000,2644.000,2616.000,2619.000,5996,14918,0.000
2005-04-28,2615.000,2619.000,2590.000,2610.000,20290,14798,0.000
2005-04-29,2590.000,2601.000,2581.000,2592.000,4336,14470,0.000
2005-05-09,2638.000,2638.000,2596.000,2596.000,9390,16964,0.000
2005-05-10,2596.000,2602.000,2582.000,2595.000,5150,16662,0.000
2005-05-11,2588.000,2607.000,2582.000,2586.000,8972,17194,0.000
2005-05-12,2588.000,2600.000,2586.000,2589.000,3494,16972,0.000
2005-05-13,2571.000,2571.000,2506.000,2515.000,16252,17884,0.000
2005-05-16,2502.000,2535.000,2502.000,2526.000,7668,18348,0.000
2005-05-17,2540.000,2548.000,2486.000,2502.000,22118,17432,0.000
2005-05-18,2500.000,2529.000,2480.000,2523.000,18214,18566,0.000
2005-05-19,2541.000,2560.000,2520.000,2527.000,46714,24732,0.000
2005-05-20,2516.000,2534.000,2513.000,2530.000,17860,24188,0.000
2005-05-23,2550.000,2610.000,2546.000,2608.000,32672,27276,0.000
2005-05-24,2588.000,2596.000,2562.000,2571.000,39684,27978,0.000
2005-05-25,2599.000,2609.000,2585.000,2589.000,33084,30168,0.000
2005-05-26,2657.000,2691.000,2655.000,2687.000,60516,34244,0.000
2005-05-27,2728.000,2740.000,2708.000,2724.000,62040,34968,0.000
2005-05-30,2694.000,2747.000,2694.000,2722.000,70146,36988,0.000
2005-05-31,2760.000,2782.000,2732.000,2744.000,55846,37816,0.000
2005-06-01,2740.000,2762.000,2688.000,2695.000,99398,38288,0.000
2005-06-02,2712.000,2718.000,2672.000,2698.000,68668,39974,0.000
2005-06-03,2678.000,2692.000,2665.000,2685.000,52418,40330,0.000
2005-06-06,2740.000,2788.000,2730.000,2788.000,88278,56280,0.000
2005-06-07,2730.000,2757.000,2720.000,2740.000,83842,53790,0.000
2005-06-08,2721.000,2730.000,2703.000,2725.000,72164,55404,0.000
2005-06-09,2681.000,2720.000,2681.000,2712.000,167414,84942,0.000
2005-06-10,2750.000,2750.000,2718.000,2718.000,123560,79444,0.000
2005-06-13,2730.000,2740.000,2702.000,2708.000,73222,80876,0.000
2005-06-14,2720.000,2724.000,2692.000,2701.000,68702,74176,0.000
2005-06-15,2732.000,2754.000,2725.000,2752.000,141446,96248,0.000
2005-06-16,2797.000,2817.000,2778.000,2781.000,379272,129944,0.000
2005-06-17,2790.000,2795.000,2772.000,2786.000,289674,142718,0.000
2005-06-20,2896.000,2896.000,2838.000,2839.000,284212,152622,0.000
2005-06-21,2838.000,2844.000,2819.000,2842.000,379076,183890,0.000
2005-06-22,2860.000,2865.000,2835.000,2839.000,365890,179612,0.000
2005-06-23,2840.000,2842.000,2770.000,2774.000,449788,179550,0.000
2005-06-24,2777.000,2809.000,2766.000,2803.000,319988,190278,0.000
2005-06-27,2800.000,2804.000,2766.000,2771.000,343682,178778,0.000
2005-06-28,2667.000,2678.000,2667.000,2667.000,146126,166740,0.000
2005-06-29,2667.000,2692.000,2660.000,2690.000,263618,161044,0.000
2005-06-30,2692.000,2693.000,2637.000,2649.000,287560,151256,0.000
2005-07-01,2650.000,2685.000,2650.000,2682.000,245204,161354,0.000
2005-07-04,2690.000,2707.000,2671.000,2704.000,310394,167976,0.000
2005-07-05,2706.000,2720.000,2693.000,2702.000,256258,168688,0.000
2005-07-06,2733.000,2750.000,2708.000,2711.000,229164,153416,0.000
2005-07-07,2710.000,2718.000,2701.000,2703.000,129824,153764,0.000
2005-07-08,2690.000,2702.000,2681.000,2701.000,124288,150934,0.000
2005-07-11,2675.000,2689.000,2669.000,2681.000,94610,151110,0.000
2005-07-12,2690.000,2700.000,2682.000,2689.000,73504,144510,0.000
2005-07-13,2693.000,2693.000,2665.000,2665.000,64564,135560,0.000
2005-07-14,2680.000,2691.000,2674.000,2682.000,49374,129274,0.000
2005-07-15,2704.000,2721.000,2694.000,2710.000,68410,49156,0.000
2005-07-18,2725.000,2726.000,2695.000,2698.000,71228,52730,0.000
2005-07-19,2705.000,2705.000,2684.000,2694.000,59300,51682,0.000
2005-07-20,2660.000,2663.000,2596.000,2615.000,98526,55478,0.000
2005-07-21,2625.000,2645.000,2620.000,2640.000,105082,62978,0.000
2005-07-22,2528.000,2603.000,2528.000,2565.000,148218,61494,0.000
2005-07-25,2550.000,2573.000,2538.000,2543.000,143374,68370,0.000
2005-07-26,2556.000,2565.000,2547.000,2555.000,105334,69924,0.000
2005-07-27,2550.000,2565.000,2547.000,2563.000,90308,71224,0.000
2005-07-28,2570.000,2575.000,2560.000,2562.000,53126,69664,0.000
2005-07-29,2571.000,2574.000,2542.000,2551.000,75158,68966,0.000
2005-08-01,2545.000,2565.000,2514.000,2514.000,89270,73512,0.000
2005-08-02,2531.000,2559.000,2515.000,2555.000,157746,74176,0.000
2005-08-03,2560.000,2570.000,2551.000,2558.000,91242,72776,0.000
2005-08-04,2530.000,2530.000,2514.000,2523.000,80348,70120,0.000
2005-08-05,2526.000,2543.000,2526.000,2536.000,80666,70646,0.000
2005-08-08,2530.000,2552.000,2526.000,2539.000,98944,76004,0.000
2005-08-09,2526.000,2537.000,2519.000,2521.000,80414,72194,0.000
2005-08-10,2505.000,2505.000,2486.000,2492.000,103056,76828,0.000
2005-08-11,2495.000,2510.000,2495.000,2509.000,77600,73772,0.000
2005-08-12,2505.000,2516.000,2495.000,2514.000,70930,74430,0.000
2005-08-15,2495.000,2497.000,2465.000,2469.000,118100,74630,0.000
2005-08-16,2428.000,2440.000,2402.000,2408.000,136252,84312,0.000
2005-08-17,2415.000,2424.000,2400.000,2402.000,113276,87968,0.000
2005-08-18,2413.000,2435.000,2406.000,2430.000,151862,86696,0.000
2005-08-19,2420.000,2425.000,2415.000,2420.000,82398,88902,0.000
2005-08-22,2405.000,2458.000,2405.000,2455.000,167394,88720,0.000
2005-08-23,2460.000,2489.000,2451.000,2481.000,164694,90480,0.000
2005-08-24,2475.000,2477.000,2448.000,2464.000,179890,91840,0.000
2005-08-25,2455.000,2472.000,2443.000,2468.000,192740,94152,0.000
2005-08-26,2439.000,2439.000,2412.000,2415.000,154422,92712,0.000
2005-08-29,2438.000,2467.000,2435.000,2463.000,179656,100418,0.000
2005-08-30,2450.000,2466.000,2445.000,2458.000,123776,102856,0.000
2005-08-31,2475.000,2497.000,2473.000,2493.000,161188,87904,0.000
2005-09-01,2480.000,2512.000,2475.000,2487.000,191650,55026,0.000
2005-09-02,2505.000,2537.000,2504.000,2525.000,182622,68380,0.000
2005-09-05,2505.000,2515.000,2494.000,2510.000,128042,75470,0.000
2005-09-06,2524.000,2533.000,2513.000,2517.000,182906,87474,0.000
2005-09-07,2540.000,2545.000,2503.000,2505.000,196762,94584,0.000
2005-09-08,2503.000,2515.000,2482.000,2501.000,246658,104348,0.000
2005-09-09,2498.000,2503.000,2489.000,2489.000,117164,104198,0.000
2005-09-12,2467.000,2468.000,2433.000,2438.000,223652,106456,0.000
2005-09-13,2436.000,2453.000,2429.000,2436.000,192132,105640,0.000
2005-09-14,2443.000,2450.000,2433.000,2435.000,119538,110764,0.000
2005-09-15,2429.000,2429.000,2410.000,2416.000,138512,108402,0.000
2005-09-16,2395.000,2425.000,2386.000,2417.000,207436,118472,0.000
2005-09-19,2410.000,2435.000,2406.000,2433.000,217088,133308,0.000
2005-09-20,2440.000,2447.000,2421.000,2428.000,186282,127432,0.000
2005-09-21,2420.000,2443.000,2416.000,2439.000,175304,129638,0.000
2005-09-22,2448.000,2454.000,2428.000,2434.000,182820,124132,0.000
2005-09-23,2439.000,2442.000,2426.000,2427.000,103010,121982,0.000
2005-09-26,2421.000,2428.000,2417.000,2418.000,99310,125944,0.000
2005-09-27,2410.000,2418.000,2402.000,2405.000,135012,126264,0.000
2005-09-28,2394.000,2417.000,2391.000,2413.000,170354,128650,0.000
2005-09-29,2417.000,2422.000,2410.000,2415.000,94480,124144,0.000
2005-09-30,2410.000,2414.000,2389.000,2392.000,78884,114100,0.000
2005-10-10,2398.000,2417.000,2391.000,2400.000,94048,119460,0.000
2005-10-11,2385.000,2413.000,2383.000,2404.000,108816,120950,0.000
2005-10-12,2405.000,2414.000,2400.000,2408.000,80060,119362,0.000
2005-10-13,2454.000,2458.000,2427.000,2448.000,161672,106368,0.000
2005-10-14,2547.000,2570.000,2532.000,2553.000,194130,63064,0.000
2005-10-17,2548.000,2556.000,2535.000,2549.000,153260,75364,0.000
2005-10-18,2553.000,2555.000,2514.000,2517.000,186732,83710,0.000
2005-10-19,2517.000,2519.000,2479.000,2492.000,246988,70948,0.000
2005-10-20,2499.000,2506.000,2471.000,2473.000,152370,76732,0.000
2005-10-21,2466.000,2469.000,2391.000,2391.000,268020,65684,0.000
2005-10-24,2378.000,2393.000,2350.000,2366.000,277246,73734,0.000
2005-10-25,2385.000,2388.000,2346.000,2353.000,280150,84928,0.000
2005-10-26,2365.000,2379.000,2358.000,2375.000,306294,92924,0.000
2005-10-27,2360.000,2391.000,2355.000,2387.000,348698,109176,0.000
2005-10-28,2376.000,2387.000,2366.000,2380.000,279330,108842,0.000
2005-10-31,2365.000,2385.000,2362.000,2379.000,214316,122944,0.000
2005-11-01,2381.000,2426.000,2379.000,2419.000,412926,151194,0.000
2005-11-02,2420.000,2422.000,2378.000,2380.000,405456,146430,0.000
2005-11-03,2387.000,2397.000,2380.000,2392.000,267156,145434,0.000
2005-11-04,2430.000,2435.000,2392.000,2394.000,379194,145656,0.000
2005-11-07,2380.000,2382.000,2330.000,2345.000,331006,135264,0.000
2005-11-08,2336.000,2360.000,2332.000,2355.000,238606,148790,0.000
2005-11-09,2350.000,2356.000,2306.000,2319.000,330604,155598,0.000
2005-11-10,2331.000,2341.000,2316.000,2340.000,315598,150516,0.000
2005-11-11,2342.000,2350.000,2322.000,2347.000,422758,166302,0.000
2005-11-14,2378.000,2378.000,2342.000,2343.000,352472,157348,0.000
2005-11-15,2340.000,2349.000,2334.000,2344.000,212948,156706,0.000
2005-11-16,2335.000,2343.000,2321.000,2342.000,264720,156454,0.000
2005-11-17,2300.000,2320.000,2298.000,2316.000,325428,172122,0.000
2005-11-18,2312.000,2316.000,2280.000,2281.000,414256,164518,0.000
2005-11-21,2280.000,2282.000,2264.000,2271.000,248212,168330,0.000
2005-11-22,2272.000,2284.000,2270.000,2278.000,183836,169882,0.000
2005-11-23,2267.000,2268.000,2248.000,2254.000,257718,177718,0.000
2005-11-24,2230.000,2235.000,2219.000,2222.000,290602,180824,0.000
2005-11-25,2217.000,2226.000,2206.000,2207.000,209022,190332,0.000
2005-11-28,2205.000,2208.000,2129.000,2130.000,348872,177466,0.000
2005-11-29,2156.000,2159.000,2117.000,2137.000,346496,162780,0.000
2005-11-30,2129.000,2185.000,2124.000,2160.000,450874,177276,0.000
2005-12-01,2160.000,2167.000,2138.000,2145.000,271474,176078,0.000
2005-12-02,2151.000,2175.000,2151.000,2169.000,301352,179652,0.000
2005-12-05,2170.000,2173.000,2150.000,2171.000,253676,185768,0.000
2005-12-06,2184.000,2194.000,2175.000,2192.000,332774,193230,0.000
2005-12-07,2167.000,2172.000,2153.000,2165.000,226660,189740,0.000
2005-12-08,2160.000,2175.000,2155.000,2169.000,243944,193110,0.000
2005-12-09,2184.000,2215.000,2178.000,2207.000,416344,204728,0.000
2005-12-12,2221.000,2278.000,2218.000,2267.000,592322,212378,0.000
2005-12-13,2266.000,2294.000,2242.000,2276.000,700170,207148,0.000
2005-12-14,2310.000,2336.000,2300.000,2303.000,637050,212898,0.000
2005-12-15,2290.000,2295.000,2272.000,2293.000,527076,220872,0.000
2005-12-16,2274.000,2343.000,2271.000,2337.000,887426,266886,0.000
2005-12-19,2331.000,2369.000,2313.000,2356.000,954122,276832,0.000
2005-12-20,2399.000,2399.000,2361.000,2363.000,658928,273118,0.000
2005-12-21,2358.000,2372.000,2301.000,2325.000,924264,287774,0.000
2005-12-22,2364.000,2389.000,2355.000,2387.000,926210,279372,0.000
2005-12-23,2380.000,2383.000,2364.000,2369.000,642118,270334,0.000
2005-12-26,2373.000,2383.000,2361.000,2379.000,394982,263448,0.000
2005-12-27,2381.000,2425.000,2357.000,2371.000,1081020,301602,0.000
2005-12-28,2371.000,2383.000,2332.000,2360.000,858906,264564,0.000
2005-12-29,2361.000,2372.000,2347.000,2357.000,502988,263864,0.000
2005-12-30,2320.000,2329.000,2309.000,2326.000,381644,248958,0.000
2006-01-02,2389.000,2424.000,2386.000,2400.000,1998,3598,0.000
2006-01-03,2389.000,2424.000,2386.000,2400.000,1998,3598,0.000
2006-01-04,2380.000,2412.000,2375.000,2412.000,511524,258942,0.000
2006-01-05,2413.000,2440.000,2405.000,2434.000,743122,276336,0.000
2006-01-06,2395.000,2444.000,2386.000,2438.000,705728,320930,0.000
2006-01-09,2370.000,2414.000,2365.000,2392.000,822360,326468,0.000
2006-01-10,2371.000,2392.000,2360.000,2389.000,554936,325530,0.000
2006-01-11,2375.000,2380.000,2350.000,2360.000,580826,315060,0.000
2006-01-12,2340.000,2349.000,2326.000,2339.000,481392,315020,0.000
2006-01-13,2308.000,2314.000,2290.000,2310.000,455408,319460,0.000
2006-01-16,2319.000,2334.000,2312.000,2329.000,328152,326000,0.000
2006-01-17,2318.000,2336.000,2291.000,2294.000,462664,325440,0.000
2006-01-18,2290.000,2294.000,2235.000,2253.000,587160,293852,0.000
2006-01-19,2260.000,2280.000,2254.000,2274.000,383176,305716,0.000
2006-01-20,2272.000,2288.000,2266.000,2279.000,387088,306944,0.000
2006-01-23,2289.000,2314.000,2288.000,2308.000,323438,314140,0.000
2006-01-24,2310.000,2317.000,2282.000,2286.000,327476,304626,0.000
2006-01-25,2282.000,2314.000,2275.000,2305.000,274306,296764,0.000
2006-01-26,2284.000,2292.000,2273.000,2278.000,175330,287612,0.000
2006-01-27,2312.000,2329.000,2310.000,2322.000,212744,283892,0.000
2006-02-06,2394.000,2412.000,2387.000,2388.000,312688,292380,0.000
2006-02-07,2360.000,2387.000,2345.000,2369.000,281784,284736,0.000
2006-02-08,2320.000,2320.000,2272.000,2272.000,238802,249884,0.000
2006-02-09,2381.000,2383.000,2337.000,2348.000,179180,88924,0.000
2006-02-10,2375.000,2393.000,2315.000,2361.000,285590,103490,0.000
2006-02-13,2371.000,2374.000,2340.000,2366.000,330550,116950,0.000
2006-02-14,2368.000,2378.000,2361.000,2369.000,191312,122544,0.000
2006-02-15,2373.000,2373.000,2351.000,2361.000,147606,127438,0.000
2006-02-16,2362.000,2368.000,2346.000,2356.000,261308,140682,0.000
2006-02-17,2371.000,2425.000,2361.000,2420.000,522764,201002,0.000
2006-02-20,2440.000,2446.000,2409.000,2415.000,484598,211100,0.000
2006-02-21,2416.000,2426.000,2383.000,2387.000,541474,203680,0.000
2006-02-22,2370.000,2383.000,2359.000,2380.000,322402,196868,0.000
2006-02-23,2336.000,2351.000,2327.000,2338.000,339386,202666,0.000
2006-02-24,2349.000,2372.000,2344.000,2364.000,384110,211764,0.000
2006-02-27,2332.000,2344.000,2318.000,2319.000,324060,228356,0.000
2006-02-28,2340.000,2347.000,2332.000,2335.000,204086,216630,0.000
2006-03-01,2340.000,2351.000,2333.000,2334.000,249828,214390,0.000
2006-03-02,2328.000,2338.000,2320.000,2336.000,184008,226114,0.000
2006-03-03,2366.000,2375.000,2361.000,2366.000,239888,225070,0.000
2006-03-06,2350.000,2350.000,2330.000,2331.000,180438,234638,0.000
2006-03-07,2339.000,2362.000,2336.000,2338.000,331824,240694,0.000
2006-03-08,2319.000,2327.000,2306.000,2325.000,343000,260322,0.000
2006-03-09,2315.000,2340.000,2313.000,2339.000,279692,280992,0.000
2006-03-10,2331.000,2334.000,2314.000,2315.000,249088,272712,0.000
2006-03-13,2315.000,2327.000,2310.000,2320.000,171880,278820,0.000
2006-03-14,2310.000,2316.000,2288.000,2296.000,325748,298082,0.000
2006-03-15,2311.000,2317.000,2301.000,2305.000,228852,292512,0.000
2006-03-16,2297.000,2298.000,2276.000,2285.000,299288,300956,0.000
2006-03-17,2260.000,2265.000,2249.000,2249.000,200216,301144,0.000
2006-03-20,2254.000,2290.000,2254.000,2289.000,332888,310622,0.000
2006-03-21,2266.000,2274.000,2257.000,2270.000,236398,306578,0.000
2006-03-22,2272.000,2296.000,2271.000,2285.000,294050,313948,0.000
2006-03-23,2270.000,2281.000,2270.000,2275.000,154390,319244,0.000
2006-03-24,2281.000,2290.000,2281.000,2288.000,190608,326210,0.000
2006-03-27,2280.000,2319.000,2279.000,2306.000,394270,369744,0.000
2006-03-28,2308.000,2310.000,2289.000,2290.000,284382,367814,0.000
2006-03-29,2300.000,2305.000,2292.000,2298.000,213420,358234,0.000
2006-03-30,2300.000,2303.000,2287.000,2295.000,149816,343366,0.000
2006-03-31,2307.000,2318.000,2306.000,2310.000,202210,339684,0.000
2006-04-03,2260.000,2270.000,2255.000,2266.000,205822,336968,0.000
2006-04-04,2250.000,2253.000,2234.000,2237.000,194216,344702,0.000
2006-04-05,2226.000,2238.000,2220.000,2233.000,177984,347774,0.000
2006-04-06,2240.000,2244.000,2232.000,2232.000,120506,356760,0.000
2006-04-07,2228.000,2229.000,2199.000,2205.000,241918,361596,0.000
2006-04-10,2191.000,2196.000,2181.000,2183.000,138932,359994,0.000
2006-04-11,2175.000,2203.000,2170.000,2190.000,230526,356836,0.000
2006-04-12,2204.000,2210.000,2193.000,2198.000,151826,344362,0.000
2006-04-13,2188.000,2194.000,2182.000,2184.000,86364,347136,0.000
2006-04-14,2191.000,2196.000,2188.000,2194.000,69702,344242,0.000
2006-04-17,2090.000,2107.000,2090.000,2106.000,1076,10278,0.000
2006-04-18,2100.000,2104.000,2080.000,2095.000,610,9830,0.000
2006-04-19,2218.000,2220.000,2213.000,2214.000,110648,338838,0.000
2006-04-20,2253.000,2269.000,2252.000,2258.000,71764,69310,0.000
2006-04-21,2242.000,2246.000,2219.000,2222.000,119164,68704,0.000
2006-04-24,2205.000,2219.000,2200.000,2203.000,167512,304146,0.000
2006-04-25,2200.000,2206.000,2194.000,2201.000,84972,286324,0.000
2006-04-26,2214.000,2218.000,2211.000,2215.000,73992,278008,0.000
2006-04-27,2248.000,2290.000,2248.000,2276.000,137010,88138,0.000
2006-04-28,2272.000,2315.000,2270.000,2313.000,228408,116832,0.000
2006-05-08,2340.000,2347.000,2317.000,2320.000,171020,115016,0.000
2006-05-09,2315.000,2396.000,2314.000,2381.000,510148,179402,0.000
2006-05-10,2380.000,2398.000,2368.000,2382.000,541866,214314,0.000
2006-05-11,2371.000,2433.000,2369.000,2421.000,566274,284298,0.000
2006-05-12,2430.000,2448.000,2388.000,2420.000,758288,275836,0.000
2006-05-15,2429.000,2439.000,2402.000,2418.000,449776,291238,0.000
2006-05-16,2380.000,2390.000,2327.000,2339.000,575922,255878,0.000
2006-05-17,2364.000,2378.000,2359.000,2368.000,311684,248582,0.000
2006-05-18,2358.000,2379.000,2344.000,2357.000,357058,246844,0.000
2006-05-19,2339.000,2357.000,2338.000,2347.000,188772,248022,0.000
2006-05-22,2318.000,2327.000,2303.000,2305.000,304664,249786,0.000
2006-05-23,2315.000,2332.000,2315.000,2326.000,201682,249828,0.000
2006-05-24,2331.000,2354.000,2330.000,2343.000,361360,282042,0.000
2006-05-25,2325.000,2329.000,2309.000,2317.000,192268,268046,0.000
2006-05-26,2333.000,2342.000,2327.000,2335.000,196048,272578,0.000
2006-05-29,2327.000,2333.000,2323.000,2327.000,117964,269608,0.000
2006-05-30,2322.000,2354.000,2320.000,2346.000,298992,285186,0.000
2006-05-31,2339.000,2342.000,2319.000,2321.000,174152,270636,0.000
2006-06-01,2316.000,2321.000,2252.000,2281.000,502634,258426,0.000
2006-06-02,2325.000,2330.000,2307.000,2323.000,341082,264752,0.000
2006-06-05,2388.000,2394.000,2373.000,2375.000,339666,274900,0.000
2006-06-06,2370.000,2388.000,2360.000,2387.000,298480,308680,0.000
2006-06-07,2352.000,2373.000,2349.000,2366.000,290692,303898,0.000
2006-06-08,2371.000,2378.000,2348.000,2352.000,241360,287840,0.000
2006-06-09,2325.000,2342.000,2313.000,2337.000,291734,280258,0.000
2006-06-12,2359.000,2363.000,2349.000,2358.000,169080,278426,0.000
2006-06-13,2359.000,2363.000,2343.000,2352.000,279988,276528,0.000
2006-06-14,2344.000,2350.000,2316.000,2341.000,374556,269822,0.000
2006-06-15,2328.000,2350.000,2328.000,2345.000,196350,274706,0.000
2006-06-16,2355.000,2360.000,2349.000,2352.000,167914,272588,0.000
2006-06-19,2340.000,2340.000,2331.000,2332.000,115580,265016,0.000
2006-06-20,2301.000,2326.000,2301.000,2323.000,134894,272004,0.000
2006-06-21,2323.000,2333.000,2318.000,2326.000,105902,266482,0.000
2006-06-22,2330.000,2337.000,2323.000,2326.000,97510,265836,0.000
2006-06-23,2316.000,2321.000,2313.000,2314.000,67658,267676,0.000
2006-06-26,2305.000,2310.000,2283.000,2285.000,147412,281756,0.000
2006-06-27,2270.000,2293.000,2266.000,2291.000,164594,296160,0.000
2006-06-28,2298.000,2298.000,2282.000,2284.000,98864,292786,0.000
2006-06-29,2290.000,2299.000,2285.000,2296.000,93052,275590,0.000
2006-06-30,2302.000,2321.000,2302.000,2319.000,107282,267272,0.000
2006-07-03,2302.000,2321.000,2302.000,2319.000,107282,267272,0.000
2006-07-04,2302.000,2334.000,2316.000,2320.000,145992,267702,0.000
2006-07-05,2326.000,2332.000,2303.000,2308.000,130986,259798,0.000
2006-07-06,2300.000,2307.000,2293.000,2302.000,83218,253190,0.000
2006-07-07,2331.000,2331.000,2315.000,2323.000,140196,255846,0.000
2006-07-10,2400.000,2402.000,2371.000,2376.000,97710,99346,0.000
2006-07-11,2381.000,2418.000,2366.000,2417.000,174942,124420,0.000
2006-07-12,2399.000,2425.000,2393.000,2416.000,306574,160106,0.000
2006-07-13,2392.000,2400.000,2382.000,2387.000,177238,146808,0.000
2006-07-14,2376.000,2387.000,2372.000,2377.000,132208,141164,0.000
2006-07-17,2376.000,2387.000,2369.000,2370.000,68948,144966,0.000
2006-07-18,2376.000,2387.000,2369.000,2370.000,68948,144966,0.000
2006-07-19,2343.000,2352.000,2332.000,2340.000,142516,147956,0.000
2006-07-20,2341.000,2352.000,2341.000,2347.000,95162,150242,0.000
2006-07-21,2337.000,2338.000,2296.000,2304.000,257552,150508,0.000
2006-07-24,2290.000,2313.000,2278.000,2306.000,224848,148812,0.000
2006-07-25,2319.000,2322.000,2306.000,2312.000,172578,155426,0.000
2006-07-26,2305.000,2318.000,2285.000,2294.000,265488,150828,0.000
2006-07-27,2288.000,2295.000,2279.000,2282.000,203152,151514,0.000
2006-07-28,2279.000,2289.000,2268.000,2278.000,240732,170744,0.000
2006-07-31,2288.000,2315.000,2286.000,2314.000,256602,190256,0.000
2006-08-01,2305.000,2305.000,2278.000,2280.000,219244,193066,0.000
2006-08-02,2282.000,2292.000,2279.000,2280.000,161872,195064,0.000
2006-08-03,2285.000,2291.000,2257.000,2269.000,233394,182282,0.000
2006-08-04,2266.000,2296.000,2264.000,2293.000,296162,171696,0.000
2006-08-07,2272.000,2278.000,2266.000,2273.000,170058,163474,0.000
2006-08-08,2247.000,2247.000,2235.000,2240.000,166946,166262,0.000
2006-08-09,2240.000,2255.000,2239.000,2246.000,132834,166848,0.000
2006-08-10,2255.000,2255.000,2238.000,2246.000,122360,164888,0.000
2006-08-11,2232.000,2245.000,2231.000,2235.000,148924,164224,0.000
2006-08-14,2216.000,2225.000,2205.000,2209.000,180070,166038,0.000
2006-08-15,2215.000,2228.000,2215.000,2226.000,153216,163312,0.000
2006-08-16,2227.000,2246.000,2224.000,2237.000,162034,161026,0.000
2006-08-17,2225.000,2247.000,2222.000,2243.000,147302,152926,0.000
2006-08-18,2240.000,2273.000,2240.000,2266.000,212656,153496,0.000
2006-08-21,2259.000,2264.000,2244.000,2256.000,149380,154780,0.000
2006-08-22,2260.000,2273.000,2248.000,2266.000,164686,154142,0.000
2006-08-23,2273.000,2278.000,2262.000,2268.000,186768,172478,0.000
2006-08-24,2272.000,2274.000,2260.000,2263.000,133168,172038,0.000
2006-08-25,2259.000,2262.000,2252.000,2256.000,96220,170760,0.000
2006-08-28,2245.000,2249.000,2237.000,2238.000,94016,171170,0.000
2006-08-29,2233.000,2235.000,2222.000,2225.000,105858,167058,0.000
2006-08-30,2233.000,2235.000,2222.000,2227.000,79580,169624,0.000
2006-08-31,2236.000,2255.000,2236.000,2253.000,110996,164134,0.000
2006-09-01,2248.000,2256.000,2247.000,2254.000,109432,174946,0.000
2006-09-04,2242.000,2244.000,2233.000,2237.000,100094,158370,0.000
2006-09-05,2235.000,2250.000,2234.000,2246.000,88098,160618,0.000
2006-09-06,2255.000,2275.000,2254.000,2274.000,166966,193490,0.000
2006-09-07,2251.000,2253.000,2226.000,2228.000,209218,170696,0.000
2006-09-08,2240.000,2251.000,2238.000,2241.000,107726,157284,0.000
2006-09-11,2234.000,2244.000,2213.000,2219.000,174692,175086,0.000
2006-09-12,2213.000,2227.000,2211.000,2224.000,125532,177700,0.000
2006-09-13,2207.000,2232.000,2198.000,2228.000,224048,193582,0.000
2006-09-14,2232.000,2238.000,2225.000,2232.000,111758,186516,0.000
2006-09-15,2229.000,2234.000,2222.000,2227.000,93134,178136,0.000
2006-09-18,2247.000,2250.000,2242.000,2244.000,84686,175908,0.000
2006-09-19,2249.000,2249.000,2230.000,2233.000,79824,168018,0.000
2006-09-20,2216.000,2228.000,2214.000,2221.000,67564,165258,0.000
2006-09-21,2231.000,2233.000,2223.000,2226.000,38606,159794,0.000
2006-09-22,2240.000,2242.000,2231.000,2232.000,48612,154438,0.000
2006-09-25,2216.000,2220.000,2205.000,2208.000,65366,154952,0.000
2006-09-26,2210.000,2220.000,2209.000,2219.000,42220,149676,0.000
2006-09-27,2215.000,2215.000,2202.000,2213.000,66236,150256,0.000
2006-09-28,2212.000,2214.000,2206.000,2209.000,32376,151378,0.000
2006-09-29,2223.000,2225.000,2213.000,2215.000,64324,151356,0.000
2006-10-09,2225.000,2231.000,2217.000,2217.000,76310,153836,0.000
2006-10-10,2230.000,2249.000,2227.000,2243.000,127890,145926,0.000
2006-10-11,2225.000,2232.000,2222.000,2228.000,46940,135514,0.000
2006-10-12,2232.000,2234.000,2223.000,2228.000,27116,133774,0.000
2006-10-13,2258.000,2265.000,2252.000,2255.000,73370,136624,0.000
2006-10-16,2266.000,2294.000,2258.000,2283.000,150516,148668,0.000
2006-10-17,2363.000,2402.000,2355.000,2394.000,137372,103618,0.000
2006-10-18,2393.000,2408.000,2366.000,2368.000,185786,120422,0.000
2006-10-19,2382.000,2399.000,2377.000,2387.000,145438,131678,0.000
2006-10-20,2382.000,2387.000,2370.000,2377.000,107536,125172,0.000
2006-10-23,2367.000,2370.000,2349.000,2353.000,89470,117628,0.000
2006-10-24,2385.000,2394.000,2375.000,2378.000,116780,123110,0.000
2006-10-25,2390.000,2396.000,2375.000,2382.000,191856,140150,0.000
2006-10-26,2364.000,2376.000,2362.000,2371.000,103496,137158,0.000
2006-10-27,2386.000,2434.000,2382.000,2418.000,345214,190818,0.000
2006-10-30,2420.000,2455.000,2408.000,2436.000,367494,208820,0.000
2006-10-31,2426.000,2441.000,2388.000,2393.000,327930,197332,0.000
2006-11-01,2385.000,2398.000,2377.000,2392.000,137934,198388,0.000
2006-11-02,2437.000,2450.000,2426.000,2430.000,76848,205516,0.000
2006-11-03,2406.000,2412.000,2399.000,2408.000,43942,215378,0.000
2006-11-06,2406.000,2423.000,2399.000,2410.000,148820,203586,0.000
2006-11-07,2431.000,2443.000,2426.000,2439.000,42798,216044,0.000
2006-11-08,2437.000,2441.000,2432.000,2437.000,33820,197378,0.000
2006-11-09,2458.000,2466.000,2444.000,2451.000,225872,200364,0.000
2006-11-10,2437.000,2443.000,2426.000,2438.000,109110,200666,0.000
2006-11-13,2423.000,2463.000,2422.000,2452.000,187358,214390,0.000
2006-11-14,2436.000,2449.000,2419.000,2421.000,171364,224136,0.000
2006-11-15,2454.000,2469.000,2447.000,2453.000,207758,221776,0.000
2006-11-16,2440.000,2488.000,2439.000,2474.000,296520,250320,0.000
2006-11-17,2462.000,2473.000,2446.000,2451.000,192630,273842,0.000
2006-11-20,2485.000,2556.000,2480.000,2503.000,318762,320326,0.000
2006-11-21,2499.000,2502.000,2455.000,2457.000,273500,348922,0.000
2006-11-22,2470.000,2473.000,2436.000,2458.000,232346,339626,0.000
2006-11-23,2450.000,2458.000,2424.000,2426.000,180004,316372,0.000
2006-11-24,2428.000,2435.000,2415.000,2432.000,132728,312554,0.000
2006-11-27,2466.000,2478.000,2447.000,2447.000,191572,312068,0.000
2006-11-28,2443.000,2455.000,2428.000,2442.000,121404,311324,0.000
2006-11-29,2450.000,2453.000,2401.000,2409.000,159978,294476,0.000
2006-11-30,2420.000,2422.000,2408.000,2415.000,69442,289650,0.000
2006-12-01,2414.000,2423.000,2374.000,2389.000,147986,281298,0.000
2006-12-04,2360.000,2362.000,2333.000,2336.000,161730,273896,0.000
2006-12-05,2300.000,2319.000,2298.000,2312.000,122564,261796,0.000
2006-12-06,2317.000,2316.000,2288.000,2293.000,120282,260992,0.000
2006-12-07,2288.000,2319.000,2279.000,2318.000,185282,259130,0.000
2006-12-08,2329.000,2330.000,2314.000,2321.000,110778,254886,0.000
2006-12-11,2315.000,2332.000,2313.000,2323.000,97472,254456,0.000
2006-12-12,2328.000,2342.000,2325.000,2327.000,94212,253686,0.000
2006-12-13,2325.000,2325.000,2299.000,2307.000,87170,257796,0.000
2006-12-14,2315.000,2335.000,2309.000,2328.000,116530,259242,0.000
2006-12-15,2325.000,2327.000,2306.000,2313.000,77918,262564,0.000
2006-12-18,2300.000,2300.000,2281.000,2288.000,91032,279188,0.000
2006-12-19,2268.000,2288.000,2268.000,2287.000,93722,280068,0.000
2006-12-20,2296.000,2296.000,2284.000,2286.000,54244,276030,0.000
2006-12-21,2284.000,2314.000,2280.000,2308.000,154772,286230,0.000
2006-12-22,2306.000,2315.000,2297.000,2307.000,127900,286256,0.000
2006-12-25,2318.000,2345.000,2315.000,2343.000,161584,278198,0.000
2006-12-26,2342.000,2368.000,2339.000,2364.000,165102,275772,0.000
2006-12-27,2370.000,2380.000,2352.000,2359.000,140238,265002,0.000
2006-12-28,2355.000,2396.000,2349.000,2388.000,219008,273666,0.000
2006-12-29,2386.000,2402.000,2378.000,2400.000,177530,265156,0.000
2007-01-04,2360.000,2360.000,2321.000,2323.000,146418,247384,0.000
2007-01-05,2325.000,2354.000,2325.000,2349.000,143092,260506,0.000
2007-01-08,2352.000,2355.000,2331.000,2339.000,93764,263084,0.000
2007-01-09,2325.000,2337.000,2318.000,2323.000,94336,262136,0.000
2007-01-10,2310.000,2330.000,2305.000,2329.000,89246,263384,0.000
2007-01-11,2329.000,2347.000,2323.000,2332.000,89186,266590,0.000
2007-01-12,2338.000,2341.000,2318.000,2323.000,66442,263412,0.000
2007-01-15,2420.000,2420.000,2419.000,2420.000,40624,240918,0.000
2007-01-16,2449.000,2449.000,2419.000,2431.000,162884,210146,0.000
2007-01-17,2578.000,2616.000,2566.000,2604.000,126580,93556,0.000
2007-01-18,2490.000,2498.000,2463.000,2467.000,150330,190816,0.000
2007-01-19,2601.000,2605.000,2561.000,2577.000,156824,109832,0.000
2007-01-22,2549.000,2578.000,2537.000,2571.000,98064,115370,0.000
2007-01-23,2578.000,2595.000,2571.000,2586.000,115318,119590,0.000
2007-01-24,2600.000,2608.000,2565.000,2567.000,162092,126194,0.000
2007-01-25,2573.000,2598.000,2566.000,2594.000,193414,142480,0.000
2007-01-26,2589.000,2591.000,2567.000,2574.000,141700,138608,0.000
2007-01-29,2582.000,2590.000,2572.000,2579.000,97058,142528,0.000
2007-01-30,2578.000,2579.000,2545.000,2552.000,123646,142636,0.000
2007-01-31,2576.000,2584.000,2563.000,2580.000,135204,152432,0.000
2007-02-01,2574.000,2589.000,2568.000,2586.000,137222,149022,0.000
2007-02-02,2574.000,2599.000,2566.000,2595.000,194000,157074,0.000
2007-02-05,2640.000,2650.000,2623.000,2626.000,163118,167894,0.000
2007-02-06,2618.000,2646.000,2618.000,2637.000,190258,172158,0.000
2007-02-07,2632.000,2660.000,2626.000,2659.000,192396,193444,0.000
2007-02-08,2650.000,2654.000,2632.000,2635.000,210712,189542,0.000
2007-02-09,2652.000,2668.000,2646.000,2649.000,248332,198082,0.000
2007-02-12,2655.000,2658.000,2637.000,2639.000,150086,203348,0.000
2007-02-13,2635.000,2636.000,2613.000,2616.000,119050,200944,0.000
2007-02-14,2635.000,2639.000,2631.000,2632.000,115000,194340,0.000
2007-02-15,2632.000,2657.000,2626.000,2650.000,127696,190340,0.000
2007-02-16,2653.000,2689.000,2653.000,2689.000,152962,187688,0.000
2007-02-26,2728.000,2778.000,2728.000,2769.000,223514,208370,0.000
2007-02-27,2751.000,2788.000,2748.000,2752.000,304676,219798,0.000
2007-02-28,2710.000,2731.000,2687.000,2724.000,339096,225618,0.000
2007-03-01,2742.000,2754.000,2707.000,2709.000,299306,232204,0.000
2007-03-02,2672.000,2697.000,2672.000,2695.000,293732,239984,0.000
2007-03-05,2681.000,2691.000,2664.000,2678.000,262662,256328,0.000
2007-03-06,2690.000,2709.000,2687.000,2707.000,244886,253400,0.000
2007-03-07,2700.000,2701.000,2684.000,2689.000,124346,256144,0.000
2007-03-08,2700.000,2705.000,2692.000,2697.000,172350,264344,0.000
2007-03-09,2691.000,2697.000,2675.000,2676.000,162028,257036,0.000
2007-03-12,2677.000,2689.000,2670.000,2683.000,124920,257772,0.000
2007-03-13,2691.000,2697.000,2685.000,2686.000,117462,264484,0.000
2007-03-14,2672.000,2677.000,2651.000,2653.000,209410,276252,0.000
2007-03-15,2666.000,2676.000,2665.000,2666.000,155414,272358,0.000
2007-03-16,2650.000,2654.000,2636.000,2648.000,241468,288340,0.000
2007-03-19,2661.000,2667.000,2652.000,2661.000,158178,303878,0.000
2007-03-20,2660.000,2662.000,2653.000,2656.000,120238,318656,0.000
2007-03-21,2670.000,2676.000,2660.000,2660.000,179322,320660,0.000
2007-03-22,2660.000,2666.000,2654.000,2657.000,132366,332154,0.000
2007-03-23,2668.000,2669.000,2658.000,2658.000,96022,331130,0.000
2007-03-26,2653.000,2655.000,2636.000,2641.000,132280,328576,0.000
2007-03-27,2628.000,2640.000,2619.000,2636.000,116616,324602,0.000
2007-03-28,2638.000,2645.000,2636.000,2641.000,63610,326794,0.000
2007-03-29,2655.000,2655.000,2645.000,2646.000,76600,323776,0.000
2007-03-30,2653.000,2680.000,2649.000,2680.000,181330,322526,0.000
2007-04-02,2619.000,2650.000,2610.000,2645.000,211200,348282,0.000
2007-04-03,2670.000,2676.000,2659.000,2672.000,222808,343572,0.000
2007-04-04,2655.000,2664.000,2651.000,2660.000,152298,350140,0.000
2007-04-05,2652.000,2656.000,2645.000,2645.000,135750,365096,0.000
2007-04-06,2645.000,2647.000,2630.000,2635.000,99172,357916,0.000
2007-04-09,2645.000,2662.000,2644.000,2645.000,144786,347352,0.000
2007-04-10,2625.000,2635.000,2603.000,2611.000,133582,350304,0.000
2007-04-11,2609.000,2616.000,2601.000,2611.000,111786,359920,0.000
2007-04-12,2605.000,2623.000,2561.000,2566.000,299046,371204,0.000
2007-04-13,2563.000,2569.000,2506.000,2511.000,296404,352214,0.000
2007-04-16,2501.000,2522.000,2490.000,2510.000,243632,365018,0.000
2007-04-17,2512.000,2525.000,2483.000,2490.000,245634,369446,0.000
2007-04-18,2480.000,2484.000,2434.000,2451.000,359742,344348,0.000
2007-04-19,2454.000,2465.000,2431.000,2462.000,329902,329410,0.000
2007-04-20,2463.000,2475.000,2453.000,2469.000,187084,327082,0.000
2007-04-23,2463.000,2482.000,2453.000,2479.000,63858,328708,0.000
2007-04-24,2475.000,2476.000,2462.000,2470.000,141068,313886,0.000
2007-04-25,2458.000,2500.000,2453.000,2489.000,281834,313548,0.000
2007-04-26,2505.000,2538.000,2505.000,2528.000,308210,310468,0.000
2007-04-27,2517.000,2542.000,2508.000,2535.000,348244,308320,0.000
2007-04-30,2525.000,2543.000,2525.000,2536.000,172342,306382,0.000
2007-05-08,2535.000,2544.000,2520.000,2530.000,143844,301704,0.000
2007-05-09,2532.000,2564.000,2530.000,2557.000,233638,310306,0.000
2007-05-10,2565.000,2566.000,2545.000,2552.000,166210,300402,0.000
2007-05-11,2548.000,2550.000,2525.000,2545.000,196824,302494,0.000
2007-05-14,2574.000,2597.000,2571.000,2591.000,184214,303024,0.000
2007-05-15,2590.000,2592.000,2568.000,2572.000,237694,303506,0.000
2007-05-16,2600.000,2617.000,2595.000,2599.000,197522,309926,0.000
2007-05-17,2630.000,2630.000,2588.000,2589.000,259786,322042,0.000
2007-05-18,2602.000,2616.000,2589.000,2599.000,230670,319168,0.000
2007-05-21,2589.000,2613.000,2573.000,2608.000,257858,332666,0.000
2007-05-22,2606.000,2624.000,2605.000,2607.000,254062,333302,0.000
2007-05-23,2601.000,2627.000,2598.000,2613.000,326702,349218,0.000
2007-05-24,2628.000,2649.000,2627.000,2632.000,286202,345640,0.000
2007-05-25,2635.000,2637.000,2610.000,2612.000,320870,377248,0.000
2007-05-28,2635.000,2637.000,2610.000,2617.000,312090,383126,0.000
2007-05-29,2635.000,2637.000,2566.000,2570.000,280276,388442,0.000
2007-05-30,2635.000,2637.000,2518.000,2523.000,284448,384722,0.000
2007-05-31,2548.000,2564.000,2537.000,2547.000,236022,375580,0.000
2007-06-01,2556.000,2561.000,2535.000,2549.000,199194,367722,0.000
2007-06-04,2571.000,2588.000,2561.000,2575.000,287102,347814,0.000
2007-06-05,2575.000,2581.000,2565.000,2575.000,136268,346300,0.000
2007-06-06,2589.000,2595.000,2554.000,2555.000,217472,350822,0.000
2007-06-07,2552.000,2556.000,2519.000,2550.000,331088,345244,0.000
2007-06-08,2565.000,2568.000,2510.000,2512.000,262336,338768,0.000
2007-06-11,2530.000,2547.000,2514.000,2543.000,294430,325932,0.000
2007-06-12,2531.000,2538.000,2522.000,2525.000,146304,315130,0.000
2007-06-13,2520.000,2521.000,2474.000,2483.000,202052,304658,0.000
2007-06-14,2500.000,2505.000,2480.000,2490.000,149918,299566,0.000
2007-06-15,2495.000,2495.000,2475.000,2482.000,84132,303982,0.000
2007-06-18,2520.000,2550.000,2516.000,2546.000,147696,280698,0.000
2007-06-19,2530.000,2547.000,2520.000,2528.000,157234,283430,0.000
2007-06-20,2490.000,2503.000,2484.000,2502.000,107162,277422,0.000
2007-06-21,2520.000,2523.000,2501.000,2513.000,74642,271424,0.000
2007-06-22,2607.000,2611.000,2580.000,2587.000,94834,74312,0.000
2007-06-25,2560.000,2575.000,2548.000,2574.000,93304,82186,0.000
2007-06-26,2579.000,2579.000,2524.000,2535.000,170596,105292,0.000
2007-06-27,2540.000,2566.000,2518.000,2556.000,276442,134940,0.000
2007-06-28,2551.000,2567.000,2533.000,2553.000,250730,150740,0.000
2007-06-29,2542.000,2569.000,2542.000,2563.000,154142,145124,0.000
2007-07-02,2662.000,2662.000,2630.000,2662.000,193194,161448,0.000
2007-07-03,2663.000,2669.000,2623.000,2625.000,368480,184942,0.000
2007-07-04,2615.000,2617.000,2593.000,2610.000,318844,201652,0.000
2007-07-05,2625.000,2625.000,2602.000,2618.000,219320,220450,0.000
2007-07-06,2610.000,2623.000,2602.000,2621.000,175208,231858,0.000
2007-07-09,2604.000,2608.000,2562.000,2563.000,306774,242018,0.000
2007-07-10,2575.000,2582.000,2553.000,2564.000,297822,232802,0.000
2007-07-11,2590.000,2668.000,2585.000,2631.000,530938,250084,0.000
2007-07-12,2638.000,2706.000,2631.000,2704.000,621532,280450,0.000
2007-07-13,2720.000,2735.000,2683.000,2699.000,705756,270754,0.000
2007-07-16,2720.000,2735.000,2683.000,2699.000,705756,270754,0.000
2007-07-18,2720.000,2735.000,2620.000,2623.000,466862,282060,0.000
2007-07-19,2622.000,2626.000,2585.000,2588.000,516552,283152,0.000
2007-07-20,2596.000,2635.000,2588.000,2630.000,532322,265092,0.000
2007-07-23,2605.000,2609.000,2586.000,2595.000,394956,277296,0.000
2007-07-24,2564.000,2568.000,2554.000,2560.000,364454,285466,0.000
2007-07-25,2560.000,2566.000,2550.000,2564.000,309060,289076,0.000
2007-07-26,2556.000,2580.000,2541.000,2572.000,354278,291934,0.000
2007-07-27,2565.000,2571.000,2548.000,2553.000,301852,304786,0.000
2007-07-30,2560.000,2602.000,2560.000,2595.000,336636,276426,0.000
2007-07-31,2599.000,2635.000,2596.000,2627.000,461224,285262,0.000
2007-08-01,2650.000,2654.000,2605.000,2613.000,421592,274216,0.000
2007-08-02,2608.000,2623.000,2601.000,2617.000,300978,293582,0.000
2007-08-03,2620.000,2650.000,2620.000,2644.000,306694,285622,0.000
2007-08-06,2620.000,2665.000,2618.000,2638.000,426768,290558,0.000
2007-08-07,2644.000,2661.000,2638.000,2645.000,253778,304790,0.000
2007-08-08,2660.000,2691.000,2660.000,2689.000,486948,307044,0.000
2007-08-09,2705.000,2710.000,2684.000,2691.000,405554,297336,0.000
2007-08-10,2695.000,2749.000,2685.000,2748.000,694454,309084,0.000
2007-08-13,2771.000,2828.000,2760.000,2820.000,658226,329720,0.000
2007-08-14,2805.000,2838.000,2798.000,2829.000,1111262,343868,0.000
2007-08-15,2800.000,2832.000,2800.000,2825.000,853262,351098,0.000
2007-08-16,2799.000,2805.000,2752.000,2760.000,614550,301464,0.000
2007-08-17,2699.000,2735.000,2690.000,2698.000,739446,273510,0.000
2007-08-20,2699.000,2746.000,2690.000,2744.000,225072,270684,0.000
2007-08-21,2835.000,2886.000,2830.000,2885.000,385854,197002,0.000
2007-08-22,2888.000,2897.000,2865.000,2873.000,576340,236284,0.000
2007-08-23,2922.000,2938.000,2907.000,2909.000,700948,283794,0.000
2007-08-24,2926.000,2929.000,2885.000,2897.000,696542,298234,0.000
2007-08-27,2878.000,2908.000,2875.000,2884.000,545068,309318,0.000
2007-08-28,2910.000,2958.000,2899.000,2956.000,757474,351880,0.000
2007-08-29,2948.000,2964.000,2938.000,2952.000,1002924,385776,0.000
2007-08-30,2970.000,3028.000,2966.000,3004.000,1049020,405012,0.000
2007-08-31,3030.000,3043.000,3011.000,3017.000,874234,391564,0.000
2007-09-03,3011.000,3033.000,3000.000,3021.000,646430,409306,0.000
2007-09-04,3036.000,3130.000,3033.000,3044.000,1421986,432912,0.000
2007-09-05,3101.000,3105.000,3038.000,3068.000,1254572,451762,0.000
2007-09-06,3038.000,3085.000,3038.000,3073.000,977038,460262,0.000
2007-09-07,3066.000,3097.000,3061.000,3084.000,937042,462480,0.000
2007-09-10,3120.000,3164.000,3119.000,3162.000,841656,489922,0.000
2007-09-11,3166.000,3190.000,3122.000,3137.000,997420,481500,0.000
2007-09-12,3155.000,3156.000,3117.000,3142.000,969914,528282,0.000
2007-09-13,3169.000,3170.000,3086.000,3099.000,1189768,487576,0.000
2007-09-14,3100.000,3113.000,3078.000,3109.000,819408,504052,0.000
2007-09-17,3177.000,3195.000,3153.000,3188.000,777372,475406,0.000
2007-09-18,3182.000,3250.000,3173.000,3239.000,1066862,488150,0.000
2007-09-19,3252.000,3279.000,3166.000,3209.000,1563464,527332,0.000
2007-09-20,3220.000,3234.000,3168.000,3184.000,959662,517186,0.000
2007-09-21,3230.000,3245.000,3166.000,3171.000,907286,511178,0.000
2007-09-24,3181.000,3183.000,3124.000,3134.000,659694,500756,0.000
2007-09-25,3106.000,3152.000,3106.000,3143.000,703934,488422,0.000
2007-09-26,3135.000,3202.000,3135.000,3200.000,894526,516418,0.000
2007-09-27,3238.000,3240.000,3204.000,3230.000,838588,507508,0.000
2007-09-28,3247.000,3250.000,3197.000,3224.000,639390,481270,0.000
2007-10-08,3092.000,3138.000,3092.000,3092.000,568760,495250,0.000
2007-10-09,3068.000,3106.000,3061.000,3105.000,584658,497026,0.000
2007-10-10,3132.000,3193.000,3121.000,3186.000,808640,535510,0.000
2007-10-11,3200.000,3200.000,3155.000,3161.000,611406,513226,0.000
2007-10-12,3165.000,3188.000,3148.000,3185.000,453704,506200,0.000
2007-10-15,3171.000,3240.000,3171.000,3239.000,561214,505010,0.000
2007-10-16,3244.000,3268.000,3216.000,3246.000,580246,492914,0.000
2007-10-17,3228.000,3249.000,3199.000,3203.000,756442,521266,0.000
2007-10-18,3215.000,3258.000,3210.000,3251.000,689362,512664,0.000
2007-10-19,3266.000,3295.000,3266.000,3283.000,645978,514386,0.000
2007-10-22,3235.000,3245.000,3201.000,3211.000,438502,485794,0.000
2007-10-23,3245.000,3282.000,3240.000,3277.000,525734,471008,0.000
2007-10-24,3278.000,3289.000,3266.000,3268.000,537670,478770,0.000
2007-10-25,3266.000,3278.000,3226.000,3244.000,518458,471306,0.000
2007-10-26,3297.000,3315.000,3282.000,3293.000,549396,443888,0.000
2007-10-29,3291.000,3368.000,3291.000,3346.000,569558,443286,0.000
2007-10-30,3340.000,3354.000,3301.000,3337.000,661020,493628,0.000
2007-10-31,3303.000,3365.000,3302.000,3317.000,1081192,517086,0.000
2007-11-01,3354.000,3367.000,3314.000,3334.000,501080,491172,0.000
2007-11-02,3305.000,3309.000,3267.000,3285.000,471658,485226,0.000
2007-11-05,3275.000,3313.000,3258.000,3277.000,463110,488532,0.000
2007-11-06,3295.000,3352.000,3289.000,3351.000,488394,488838,0.000
2007-11-07,3388.000,3395.000,3350.000,3354.000,609066,471134,0.000
2007-11-08,3335.000,3363.000,3335.000,3358.000,329184,466368,0.000
2007-11-09,3355.000,3393.000,3340.000,3389.000,500682,468072,0.000
2007-11-12,3395.000,3431.000,3382.000,3408.000,906620,508062,0.000
2007-11-13,3402.000,3466.000,3383.000,3463.000,775534,515602,0.000
2007-11-14,3497.000,3502.000,3465.000,3485.000,720922,531536,0.000
2007-11-15,3502.000,3525.000,3486.000,3508.000,589558,498440,0.000
2007-11-16,3525.000,3565.000,3485.000,3538.000,1071566,528646,0.000
2007-11-19,3567.000,3567.000,3412.000,3467.000,635770,245062,0.000
2007-11-20,3481.000,3487.000,3385.000,3385.000,794962,481046,0.000
2007-11-21,3440.000,3453.000,3337.000,3398.000,808954,448188,0.000
2007-11-22,3386.000,3435.000,3373.000,3422.000,495566,436320,0.000
2007-11-23,3310.000,3349.000,3285.000,3334.000,473776,214642,0.000
2007-11-26,3376.000,3400.000,3363.000,3375.000,435228,249820,0.000
2007-11-27,3335.000,3353.000,3309.000,3317.000,327886,271372,0.000
2007-11-28,3300.000,3312.000,3234.000,3234.000,502840,286104,0.000
2007-11-29,3269.000,3280.000,3210.000,3220.000,763696,276370,0.000
2007-11-30,3200.000,3208.000,3115.000,3129.000,610246,281804,0.000
2007-12-03,3130.000,3164.000,3099.000,3122.000,720916,289058,0.000
2007-12-04,3140.000,3155.000,3087.000,3109.000,827296,290138,0.000
2007-12-05,3144.000,3192.000,3126.000,3189.000,894202,296736,0.000
2007-12-06,3165.000,3190.000,3143.000,3149.000,875056,271098,0.000
2007-12-07,3188.000,3245.000,3160.000,3234.000,986128,262004,0.000
2007-12-10,3265.000,3337.000,3242.000,3336.000,914140,293924,0.000
2007-12-11,3333.000,3349.000,3304.000,3338.000,1293266,315248,0.000
2007-12-12,3330.000,3338.000,3287.000,3297.000,965408,320334,0.000
2007-12-13,3345.000,3405.000,3343.000,3362.000,1006150,342588,0.000
2007-12-14,3370.000,3382.000,3345.000,3375.000,891354,344642,0.000
2007-12-17,3425.000,3446.000,3391.000,3394.000,765192,351956,0.000
2007-12-18,3370.000,3377.000,3291.000,3300.000,836230,339194,0.000
2007-12-19,3303.000,3324.000,3276.000,3307.000,1225956,358242,0.000
2007-12-20,3308.000,3319.000,3279.000,3307.000,1007450,370824,0.000
2007-12-21,3281.000,3318.000,3257.000,3295.000,1010448,364954,0.000
2007-12-24,3315.000,3355.000,3303.000,3313.000,1120582,390362,0.000
2007-12-25,3315.000,3326.000,3294.000,3324.000,722682,392326,0.000
2007-12-26,3335.000,3395.000,3335.000,3386.000,917554,390466,0.000
2007-12-27,3447.000,3448.000,3366.000,3370.000,915826,362428,0.000
2007-12-28,3386.000,3415.000,3366.000,3412.000,648988,324458,0.000
2007-12-31,3386.000,3415.000,3366.000,3412.000,648988,324458,0.000
2008-01-01,3386.000,3415.000,3366.000,3412.000,648988,324458,0.000
2008-01-02,3399.000,3434.000,3385.000,3408.000,554242,331984,0.000
2008-01-03,3440.000,3477.000,3429.000,3442.000,787032,344822,0.000
2008-01-04,3467.000,3488.000,3429.000,3437.000,811322,335072,0.000
2008-01-07,3418.000,3440.000,3393.000,3438.000,428004,340250,0.000
2008-01-08,3429.000,3464.000,3405.000,3414.000,861382,375914,0.000
2008-01-09,3450.000,3464.000,3430.000,3450.000,807334,335136,0.000
2008-01-10,3420.000,3435.000,3415.000,3426.000,410694,315656,0.000
2008-01-11,3431.000,3464.000,3427.000,3463.000,408406,304564,0.000
2008-01-14,3500.000,3581.000,3493.000,3572.000,889004,332164,0.000
2008-01-15,3542.000,3565.000,3491.000,3510.000,687432,321574,0.000
2008-01-16,3512.000,3520.000,3404.000,3432.000,902390,326564,0.000
2008-01-17,3415.000,3448.000,3360.000,3434.000,792216,327734,0.000
2008-01-18,3371.000,3389.000,3281.000,3308.000,908888,330986,0.000
2008-01-21,3310.000,3350.000,3274.000,3341.000,583134,313960,0.000
2008-01-22,3250.000,3255.000,3200.000,3209.000,564982,302456,0.000
2008-01-23,3290.000,3297.000,3216.000,3264.000,524756,299096,0.000
2008-01-24,3200.000,3226.000,3168.000,3220.000,595536,298032,0.000
2008-01-25,3256.000,3288.000,3249.000,3281.000,431554,289106,0.000
2008-01-28,3260.000,3316.000,3260.000,3284.000,548944,306664,0.000
2008-01-29,3318.000,3332.000,3306.000,3318.000,432050,304796,0.000
2008-01-31,3268.000,3281.000,3238.000,3271.000,581974,286796,0.000
2008-02-01,3301.000,3311.000,3280.000,3295.000,485744,265828,0.000
2008-02-04,3302.000,3335.000,3299.000,3333.000,318986,255154,0.000
2008-02-05,3355.000,3396.000,3350.000,3373.000,353682,237290,0.000
2008-02-13,3370.000,3376.000,3317.000,3355.000,315024,251602,0.000
2008-02-14,3370.000,3480.000,3369.000,3479.000,597562,284584,0.000
2008-02-15,3522.000,3538.000,3468.000,3484.000,765460,302858,0.000
2008-02-18,3480.000,3605.000,3472.000,3596.000,959410,333922,0.000
2008-02-19,3600.000,3645.000,3537.000,3573.000,1025792,324742,0.000
2008-02-20,3575.000,3605.000,3520.000,3523.000,1155654,315612,0.000
2008-02-21,3572.000,3598.000,3563.000,3596.000,778826,318558,0.000
2008-02-22,3554.000,3567.000,3517.000,3548.000,706360,304676,0.000
2008-02-25,3604.000,3661.000,3588.000,3620.000,847656,322130,0.000
2008-02-26,3631.000,3646.000,3507.000,3538.000,1012006,351110,0.000
2008-02-27,3598.000,3599.000,3536.000,3550.000,891256,365944,0.000
2008-02-28,3540.000,3553.000,3510.000,3537.000,677736,372722,0.000
2008-02-29,3578.000,3635.000,3571.000,3633.000,841654,395998,0.000
2008-03-03,3661.000,3744.000,3660.000,3744.000,847546,398030,0.000
2008-03-04,3701.000,3749.000,3564.000,3606.000,1041136,378914,0.000
2008-03-05,3560.000,3593.000,3514.000,3567.000,873756,410326,0.000
2008-03-06,3590.000,3680.000,3542.000,3669.000,1325772,458276,0.000
2008-03-07,3551.000,3623.000,3545.000,3592.000,1472590,412330,0.000
2008-03-10,3449.000,3495.000,3449.000,3449.000,475670,405398,0.000
2008-03-11,3511.000,3544.000,3496.000,3539.000,785640,366974,0.000
2008-03-12,3539.000,3539.000,3395.000,3450.000,856410,336764,0.000
2008-03-13,3468.000,3515.000,3398.000,3511.000,1090242,345052,0.000
2008-03-14,3505.000,3525.000,3480.000,3502.000,678386,340596,0.000
2008-03-17,3401.000,3463.000,3401.000,3426.000,674136,338814,0.000
2008-03-18,3296.000,3315.000,3296.000,3296.000,59988,323598,0.000
2008-03-19,3315.000,3366.000,3288.000,3330.000,880784,317574,0.000
2008-03-20,3201.000,3225.000,3201.000,3201.000,309812,309996,0.000
2008-03-21,3180.000,3225.000,3138.000,3149.000,667370,301972,0.000
2008-03-24,3200.000,3225.000,3183.000,3201.000,620666,298618,0.000
2008-03-25,3290.000,3310.000,3252.000,3290.000,528936,277840,0.000
2008-03-26,3350.000,3360.000,3314.000,3318.000,365676,260150,0.000
2008-03-27,3301.000,3320.000,3270.000,3272.000,313428,259310,0.000
2008-03-28,3284.000,3291.000,3207.000,3231.000,251460,252482,0.000
2008-03-31,3203.000,3237.000,3189.000,3234.000,252024,247442,0.000
2008-04-01,3057.000,3057.000,3057.000,3057.000,9092,242756,0.000
2008-04-02,3077.000,3087.000,2983.000,3001.000,486694,247826,0.000
2008-04-03,3040.000,3048.000,3007.000,3025.000,357946,227378,0.000
2008-04-04,3040.000,3048.000,3007.000,3025.000,357946,227378,0.000
2008-04-07,3052.000,3176.000,3042.000,3170.000,489118,226214,0.000
2008-04-08,3150.000,3159.000,3108.000,3130.000,360644,212396,0.000
2008-04-09,3118.000,3190.000,3118.000,3156.000,462882,201202,0.000
2008-04-10,3259.000,3276.000,3233.000,3253.000,436442,198484,0.000
2008-04-11,3252.000,3279.000,3217.000,3265.000,440600,188226,0.000
2008-04-14,3250.000,3336.000,3235.000,3313.000,539004,170962,0.000
2008-04-15,3320.000,3408.000,3320.000,3400.000,569764,172846,0.000
2008-04-16,3381.000,3394.000,3343.000,3366.000,398392,171132,0.000
2008-04-17,3336.000,3365.000,3325.000,3349.000,328002,173810,0.000
2008-04-18,3355.000,3430.000,3347.000,3415.000,466592,173560,0.000
2008-04-21,3405.000,3418.000,3237.000,3308.000,610414,185266,0.000
2008-04-22,3290.000,3328.000,3263.000,3282.000,444276,172242,0.000
2008-04-23,3380.000,3395.000,3359.000,3394.000,334330,169630,0.000
2008-04-24,3373.000,3381.000,3351.000,3375.000,242166,159962,0.000
2008-04-25,3310.000,3328.000,3298.000,3311.000,204000,154962,0.000
2008-04-28,3313.000,3360.000,3310.000,3354.000,157440,153432,0.000
2008-04-29,3301.000,3329.000,3275.000,3310.000,236206,151872,0.000
2008-04-30,3306.000,3327.000,3303.000,3324.000,152266,134422,0.000
2008-05-01,3306.000,3327.000,3303.000,3324.000,152266,134422,0.000
2008-05-02,3306.000,3327.000,3303.000,3324.000,152266,134422,0.000
2008-05-05,3312.000,3404.000,3312.000,3397.000,270776,154396,0.000
2008-05-06,3391.000,3463.000,3388.000,3457.000,385908,180170,0.000
2008-05-07,3461.000,3469.000,3426.000,3429.000,352248,176104,0.000
2008-05-08,3474.000,3484.000,3405.000,3449.000,366880,166852,0.000
2008-05-09,3450.000,3457.000,3425.000,3448.000,263610,153650,0.000
2008-05-12,3500.000,3608.000,3496.000,3567.000,405024,161626,0.000
2008-05-13,3562.000,3577.000,3532.000,3561.000,337536,166250,0.000
2008-05-14,3602.000,3618.000,3579.000,3600.000,354990,161974,0.000
2008-05-15,3595.000,3628.000,3575.000,3601.000,341710,161450,0.000
2008-05-16,3586.000,3642.000,3585.000,3633.000,298334,158466,0.000
2008-05-19,3638.000,3648.000,3609.000,3625.000,219804,161838,0.000
2008-05-20,3605.000,3679.000,3592.000,3655.000,296348,176092,0.000
2008-05-21,3650.000,3677.000,3613.000,3640.000,401626,173144,0.000
2008-05-22,3685.000,3720.000,3659.000,3675.000,244164,161536,0.000
2008-05-23,3638.000,3680.000,3627.000,3679.000,175246,165016,0.000
2008-05-26,3720.000,3791.000,3711.000,3764.000,403878,193946,0.000
2008-05-27,3760.000,3777.000,3723.000,3725.000,361390,180326,0.000
2008-05-28,3680.000,3744.000,3680.000,3734.000,248058,158776,0.000
2008-05-29,3728.000,3747.000,3715.000,3731.000,241464,161134,0.000
2008-05-30,3685.000,3710.000,3650.000,3663.000,243510,156486,0.000
2008-06-02,3720.000,3747.000,3707.000,3708.000,169892,151944,0.000
2008-06-03,3584.000,3628.000,3570.000,3627.000,170864,76392,0.000
2008-06-04,3720.000,3728.000,3676.000,3680.000,169688,148404,0.000
2008-06-05,3739.000,3752.000,3709.000,3748.000,220742,150852,0.000
2008-06-06,3849.000,3885.000,3848.000,3871.000,136906,137224,0.000
2008-06-09,3849.000,3885.000,3848.000,3871.000,136906,137224,0.000
2008-06-10,3891.000,3955.000,3870.000,3946.000,186292,149020,0.000
2008-06-11,3948.000,4061.000,3932.000,3990.000,473812,142560,0.000
2008-06-12,4099.000,4154.000,4051.000,4060.000,355826,123964,0.000
2008-06-13,4080.000,4085.000,4026.000,4035.000,198072,119240,0.000
2008-06-16,4086.000,4219.000,4082.000,4199.000,357664,143386,0.000
2008-06-17,4166.000,4211.000,4131.000,4210.000,329050,140398,0.000
2008-06-18,4268.000,4291.000,4235.000,4253.000,345462,148050,0.000
2008-06-19,4280.000,4288.000,4226.000,4235.000,375704,153076,0.000
2008-06-20,4218.000,4220.000,4161.000,4195.000,309916,149162,0.000
2008-06-23,4150.000,4169.000,4121.000,4149.000,198334,138952,0.000
2008-06-24,3818.000,3890.000,3818.000,3888.000,207214,106152,0.000
2008-06-25,3873.000,3988.000,3862.000,3980.000,477954,148410,0.000
2008-06-26,4015.000,4077.000,3979.000,4003.000,594866,160288,0.000
2008-06-27,4033.000,4148.000,4033.000,4146.000,563974,192354,0.000
2008-06-30,4166.000,4166.000,4039.000,4049.000,701578,175904,0.000
2008-07-01,4099.000,4117.000,4039.000,4093.000,734206,175554,0.000
2008-07-02,4166.000,4198.000,4134.000,4194.000,864416,194740,0.000
2008-07-03,4218.000,4222.000,4012.000,4088.000,1170582,186886,0.000
2008-07-04,4135.000,4227.000,4112.000,4227.000,1091126,219608,0.000
2008-07-07,4170.000,4183.000,4051.000,4090.000,1159234,214394,0.000
2008-07-08,3950.000,3967.000,3898.000,3900.000,679250,196040,0.000
2008-07-09,3936.000,3988.000,3905.000,3940.000,1241556,204108,0.000
2008-07-10,4019.000,4019.000,3936.000,3942.000,1415818,228668,0.000
2008-07-11,4014.000,4057.000,3973.000,4044.000,1106340,222666,0.000
2008-07-14,3961.000,3991.000,3942.000,3963.000,870262,203698,0.000
2008-07-15,3980.000,4011.000,3964.000,4002.000,855080,217130,0.000
2008-07-16,3925.000,3948.000,3912.000,3939.000,709170,207848,0.000
2008-07-17,3987.000,3994.000,3975.000,3980.000,231830,220544,0.000
2008-07-20,3897.000,3925.000,3877.000,3925.000,567382,194354,0.000
2008-07-21,3820.000,3830.000,3744.000,3780.000,767962,198248,0.000
2008-07-22,3759.000,3819.000,3747.000,3818.000,781034,218574,0.000
2008-07-23,3798.000,3809.000,3687.000,3722.000,1073274,204534,0.000
2008-07-24,3721.000,3770.000,3712.000,3747.000,679186,200454,0.000
2008-07-25,3753.000,3763.000,3688.000,3726.000,803890,176670,0.000
2008-07-28,3779.000,3810.000,3766.000,3792.000,484460,177450,0.000
2008-07-29,3775.000,3776.000,3658.000,3680.000,646732,177536,0.000
2008-07-30,3746.000,3756.000,3686.000,3737.000,749006,177498,0.000
2008-07-31,3750.000,3772.000,3737.000,3748.000,433824,170456,0.000
2008-08-01,3710.000,3718.000,3606.000,3638.000,602758,161264,0.000
2008-08-04,3570.000,3575.000,3467.000,3513.000,976290,182250,0.000
2008-08-05,3450.000,3450.000,3356.000,3356.000,616316,196710,0.000
2008-08-06,3335.000,3405.000,3308.000,3350.000,1128228,200180,0.000
2008-08-07,3290.000,3385.000,3288.000,3383.000,863488,206196,0.000
2008-08-08,3380.000,3390.000,3316.000,3330.000,798316,189696,0.000
2008-08-11,3245.000,3254.000,3176.000,3176.000,652792,181692,0.000
2008-08-12,3201.000,3309.000,3176.000,3281.000,1116796,209842,0.000
2008-08-13,3330.000,3408.000,3321.000,3408.000,854730,213478,0.000
2008-08-14,3549.000,3549.000,3440.000,3490.000,1020672,223660,0.000
2008-08-15,3381.000,3437.000,3319.000,3346.000,1359606,227098,0.000
2008-08-18,3460.000,3545.000,3450.000,3522.000,951652,240422,0.000
2008-08-19,3500.000,3528.000,3469.000,3493.000,1027152,247194,0.000
2008-08-20,3530.000,3609.000,3530.000,3586.000,1007502,253518,0.000
2008-08-21,3578.000,3602.000,3525.000,3568.000,994370,260714,0.000
2008-08-22,3601.000,3620.000,3556.000,3572.000,906816,259494,0.000
2008-08-25,3630.000,3690.000,3615.000,3681.000,991326,285526,0.000
2008-08-26,3640.000,3676.000,3531.000,3582.000,1323720,268770,0.000
2008-08-27,3666.000,3777.000,3661.000,3698.000,1058452,271044,0.000
2008-08-28,3650.000,3676.000,3627.000,3670.000,785366,282542,0.000
2008-08-29,3635.000,3655.000,3616.000,3646.000,701488,261316,0.000
2008-09-01,3645.000,3696.000,3635.000,3690.000,572784,273256,0.000
2008-09-02,3550.000,3593.000,3545.000,3566.000,554208,257018,0.000
2008-09-03,3598.000,3598.000,3569.000,3570.000,476672,261214,0.000
2008-09-04,3536.000,3547.000,3486.000,3518.000,749166,262542,0.000
2008-09-05,3460.000,3480.000,3426.000,3473.000,620400,253842,0.000
2008-09-08,3424.000,3469.000,3421.000,3435.000,697154,265958,0.000
2008-09-09,3416.000,3427.000,3326.000,3356.000,1097656,269298,0.000
2008-09-10,3351.000,3411.000,3351.000,3392.000,861012,286640,0.000
2008-09-11,3350.000,3384.000,3340.000,3363.000,803060,257002,0.000
2008-09-12,3410.000,3487.000,3404.000,3486.000,709496,256572,0.000
2008-09-15,3410.000,3498.000,3404.000,3489.000,727298,253936,0.000
2008-09-16,3440.000,3440.000,3282.000,3311.000,1103848,261662,0.000
2008-09-17,3330.000,3357.000,3276.000,3338.000,1260044,271888,0.000
2008-09-18,3399.000,3402.000,3291.000,3307.000,1298378,267108,0.000
2008-09-19,3318.000,3341.000,3283.000,3329.000,954120,267956,0.000
2008-09-22,3380.000,3476.000,3380.000,3465.000,1218910,280360,0.000
2008-09-23,3500.000,3520.000,3422.000,3443.000,986510,240216,0.000
2008-09-24,3450.000,3473.000,3421.000,3472.000,954860,248122,0.000
2008-09-25,3430.000,3460.000,3426.000,3449.000,626132,196550,0.000
2008-09-26,3428.000,3445.000,3401.000,3429.000,439006,165112,0.000
2008-10-06,3259.000,3259.000,3259.000,3259.000,2726,158954,0.000
2008-10-07,3097.000,3097.000,3097.000,3097.000,6144,154676,0.000
2008-10-08,2943.000,2990.000,2943.000,2943.000,331694,117234,0.000
2008-10-09,2976.000,2980.000,2823.000,2904.000,1119070,132242,0.000
2008-10-10,2796.000,2796.000,2751.000,2751.000,60406,120906,0.000
2008-10-13,2625.000,2777.000,2625.000,2714.000,899774,117032,0.000
2008-10-14,2809.000,2827.000,2740.000,2779.000,618266,115742,0.000
2008-10-15,2652.000,2699.000,2640.000,2680.000,765502,135596,0.000
2008-10-16,2535.000,2600.000,2535.000,2535.000,474214,129684,0.000
2008-10-17,2697.000,2697.000,2601.000,2697.000,525436,116702,0.000
2008-10-20,2756.000,2785.000,2733.000,2785.000,176444,121870,0.000
2008-10-21,2797.000,2818.000,2674.000,2725.000,763330,114516,0.000
2008-10-22,2719.000,2781.000,2611.000,2651.000,1400182,147260,0.000
2008-10-23,2630.000,2714.000,2562.000,2700.000,873816,143114,0.000
2008-10-24,2727.000,2727.000,2672.000,2727.000,466368,122546,0.000
2008-10-27,2768.000,2845.000,2650.000,2698.000,772750,111948,0.000
2008-10-28,2868.000,2868.000,2792.000,2868.000,449774,104662,0.000
2008-10-29,2820.000,2875.000,2778.000,2842.000,544822,94104,0.000
2008-10-30,2910.000,2928.000,2858.000,2890.000,467946,101630,0.000
2008-10-31,2680.000,2719.000,2668.000,2674.000,303472,99394,0.000
2008-11-03,2685.000,2717.000,2658.000,2681.000,668064,138968,0.000
2008-11-04,2660.000,2673.000,2557.000,2557.000,661762,181982,0.000
2008-11-05,2570.000,2613.000,2531.000,2545.000,1123214,226824,0.000
2008-11-06,2471.000,2507.000,2448.000,2452.000,682114,247902,0.000
2008-11-07,2453.000,2550.000,2442.000,2533.000,1092492,191062,0.000
2008-11-10,2563.000,2598.000,2558.000,2587.000,622088,180004,0.000
2008-11-11,2560.000,2560.000,2497.000,2514.000,737530,193646,0.000
2008-11-12,2521.000,2564.000,2505.000,2547.000,931508,190562,0.000
2008-11-13,2512.000,2548.000,2496.000,2540.000,785938,197100,0.000
2008-11-14,2560.000,2563.000,2520.000,2532.000,592284,170820,0.000
2008-11-17,2541.000,2551.000,2530.000,2539.000,321538,169318,0.000
2008-11-18,2531.000,2540.000,2485.000,2503.000,490652,190372,0.000
2008-11-19,2515.000,2549.000,2492.000,2545.000,516118,185590,0.000
2008-11-20,2500.000,2510.000,2467.000,2485.000,571630,179646,0.000
2008-11-21,2383.000,2413.000,2366.000,2383.000,409026,186646,0.000
2008-11-24,2381.000,2415.000,2358.000,2366.000,437178,212638,0.000
2008-11-25,2405.000,2417.000,2375.000,2381.000,335432,214230,0.000
2008-11-26,2385.000,2409.000,2372.000,2381.000,441438,211288,0.000
2008-11-27,2395.000,2412.000,2383.000,2384.000,345620,217100,0.000
2008-11-28,2402.000,2406.000,2324.000,2327.000,507790,245208,0.000
2008-12-01,2301.000,2330.000,2288.000,2319.000,431256,243154,0.000
2008-12-02,2273.000,2286.000,2231.000,2241.000,396074,247846,0.000
2008-12-03,2241.000,2254.000,2222.000,2231.000,337146,269392,0.000
2008-12-04,2238.000,2251.000,2197.000,2214.000,695806,236472,0.000
2008-12-05,2200.000,2209.000,2113.000,2135.000,731812,263660,0.000
2008-12-08,2140.000,2210.000,2140.000,2190.000,705162,227568,0.000
2008-12-09,2180.000,2192.000,2141.000,2149.000,444642,228492,0.000
2008-12-10,2159.000,2188.000,2148.000,2180.000,370156,213402,0.000
2008-12-11,2180.000,2202.000,2167.000,2179.000,367700,215266,0.000
2008-12-12,2191.000,2218.000,2164.000,2184.000,317292,205244,0.000
2008-12-15,2235.000,2295.000,2227.000,2283.000,501674,217354,0.000
2008-12-16,2265.000,2284.000,2236.000,2275.000,419930,228532,0.000
2008-12-17,2290.000,2319.000,2279.000,2304.000,562040,238052,0.000
2008-12-18,2282.000,2323.000,2267.000,2289.000,623996,244378,0.000
2008-12-19,2275.000,2284.000,2238.000,2247.000,621970,251618,0.000
2008-12-22,2260.000,2356.000,2260.000,2310.000,1066636,251410,0.000
2008-12-23,2310.000,2311.000,2281.000,2291.000,494842,238100,0.000
2008-12-24,2335.000,2339.000,2313.000,2322.000,327802,232816,0.000
2008-12-25,2337.000,2352.000,2324.000,2332.000,322626,224214,0.000
2008-12-26,2338.000,2342.000,2306.000,2339.000,268780,218136,0.000
2008-12-29,2438.000,2439.000,2403.000,2439.000,219888,210988,0.000
2008-12-30,2418.000,2451.000,2412.000,2438.000,427458,200864,0.000
2008-12-31,2430.000,2480.000,2428.000,2479.000,380732,191284,0.000
2009-01-05,2500.000,2574.000,2494.000,2568.000,578608,209878,0.000
2009-01-06,2560.000,2632.000,2525.000,2609.000,778132,217790,0.000
2009-01-07,2628.000,2674.000,2616.000,2621.000,751362,210822,0.000
2009-01-08,2561.000,2598.000,2540.000,2588.000,471122,214536,0.000
2009-01-09,2640.000,2700.000,2627.000,2699.000,537302,247716,0.000
2009-01-12,2720.000,2800.000,2687.000,2736.000,783830,254764,0.000
2009-01-13,2613.000,2658.000,2613.000,2613.000,428248,252320,0.000
2009-01-14,2637.000,2674.000,2604.000,2651.000,862872,261788,0.000
2009-01-15,2615.000,2638.000,2605.000,2619.000,398598,260860,0.000
2009-01-16,2675.000,2703.000,2665.000,2689.000,401758,258058,0.000
2009-01-19,2724.000,2734.000,2696.000,2697.000,355940,251860,0.000
2009-01-20,2719.000,2722.000,2613.000,2656.000,591318,255330,0.000
2009-01-21,2639.000,2653.000,2607.000,2644.000,401126,216288,0.000
2009-01-22,2688.000,2694.000,2642.000,2671.000,373272,221384,0.000
2009-01-23,2639.000,2724.000,2631.000,2719.000,258136,211876,0.000
2009-02-02,2670.000,2724.000,2661.000,2714.000,330598,229236,0.000
2009-02-03,2708.000,2738.000,2676.000,2729.000,584836,259044,0.000
2009-02-04,2719.000,2748.000,2698.000,2704.000,583930,252454,0.000
2009-02-05,2702.000,2718.000,2670.000,2699.000,478000,229696,0.000
2009-02-06,2725.000,2823.000,2722.000,2810.000,576568,244154,0.000
2009-02-09,2821.000,2875.000,2809.000,2838.000,639718,255812,0.000
2009-02-10,2820.000,2864.000,2805.000,2829.000,469150,248454,0.000
2009-02-11,2790.000,2845.000,2752.000,2778.000,478874,220466,0.000
2009-02-12,2786.000,2826.000,2776.000,2817.000,411432,214748,0.000
2009-02-13,2815.000,2845.000,2805.000,2829.000,355292,220624,0.000
2009-02-16,2800.000,2813.000,2690.000,2697.000,497228,224436,0.000
2009-02-17,2698.000,2710.000,2654.000,2659.000,536116,218912,0.000
2009-02-18,2582.000,2585.000,2548.000,2548.000,352928,203378,0.000
2009-02-19,2553.000,2605.000,2538.000,2575.000,560328,201756,0.000
2009-02-20,2578.000,2590.000,2550.000,2564.000,394106,177806,0.000
2009-02-23,2513.000,2592.000,2480.000,2585.000,401808,165406,0.000
2009-02-24,2554.000,2565.000,2489.000,2500.000,459794,175758,0.000
2009-02-25,2535.000,2574.000,2527.000,2534.000,553702,197236,0.000
2009-02-26,2545.000,2553.000,2486.000,2501.000,493520,223144,0.000
2009-02-27,2489.000,2491.000,2398.000,2398.000,642514,310442,0.000
2009-03-02,2410.000,2474.000,2400.000,2447.000,1109600,307336,0.000
2009-03-03,2400.000,2438.000,2391.000,2431.000,685356,310740,0.000
2009-03-04,2425.000,2497.000,2423.000,2496.000,814866,336282,0.000
2009-03-05,2519.000,2529.000,2464.000,2469.000,773142,315012,0.000
2009-03-06,2445.000,2493.000,2439.000,2481.000,689560,308156,0.000
2009-03-09,2510.000,2518.000,2486.000,2487.000,632354,292198,0.000
2009-03-10,2485.000,2536.000,2481.000,2527.000,737746,284094,0.000
2009-03-11,2535.000,2539.000,2500.000,2501.000,574474,268568,0.000
2009-03-12,2500.000,2525.000,2492.000,2512.000,527606,266826,0.000
2009-03-13,2536.000,2574.000,2524.000,2557.000,725414,261294,0.000
2009-03-16,2551.000,2602.000,2544.000,2594.000,614214,269896,0.000
2009-03-17,2616.000,2647.000,2607.000,2619.000,643650,264040,0.000
2009-03-18,2628.000,2648.000,2605.000,2610.000,646458,263880,0.000
2009-03-19,2645.000,2679.000,2635.000,2672.000,695620,274110,0.000
2009-03-20,2675.000,2709.000,2668.000,2708.000,640886,277666,0.000
2009-03-23,2756.000,2825.000,2740.000,2825.000,812898,312982,0.000
2009-03-24,2780.000,2793.000,2719.000,2764.000,999348,323248,0.000
2009-03-25,2769.000,2801.000,2732.000,2735.000,1178410,346336,0.000
2009-03-26,2740.000,2765.000,2721.000,2748.000,875482,310774,0.000
2009-03-27,2733.000,2756.000,2661.000,2669.000,1089346,318930,0.000
2009-03-30,2668.000,2674.000,2620.000,2631.000,1000844,309458,0.000
2009-03-31,2630.000,2675.000,2630.000,2660.000,946018,332456,0.000
2009-04-01,2717.000,2779.000,2715.000,2742.000,1061236,348500,0.000
2009-04-02,2760.000,2778.000,2746.000,2777.000,1012034,364234,0.000
2009-04-03,2800.000,2815.000,2771.000,2778.000,956056,326702,0.000
2009-04-07,2808.000,2883.000,2784.000,2875.000,1395530,375184,0.000
2009-04-08,2858.000,2889.000,2827.000,2838.000,1713424,383804,0.000
2009-04-09,2885.000,2931.000,2885.000,2925.000,1651306,415080,0.000
2009-04-10,2912.000,2935.000,2897.000,2923.000,1112218,421446,0.000
2009-04-13,2901.000,2962.000,2855.000,2865.000,1436642,401024,0.000
2009-04-14,2881.000,2888.000,2835.000,2854.000,1110074,388648,0.000
2009-04-15,2875.000,2893.000,2852.000,2865.000,936324,369748,0.000
2009-04-16,2879.000,2938.000,2878.000,2920.000,1208764,383568,0.000
2009-04-17,2975.000,2984.000,2938.000,2942.000,1042926,376152,0.000
2009-04-20,2935.000,2939.000,2850.000,2856.000,1014770,395076,0.000
2009-04-21,2827.000,2827.000,2763.000,2793.000,1545084,407352,0.000
2009-04-22,2848.000,2857.000,2810.000,2825.000,938824,370798,0.000
2009-04-23,2829.000,2831.000,2778.000,2815.000,920376,367506,0.000
2009-04-24,2801.000,2806.000,2740.000,2742.000,1034352,406934,0.000
2009-04-27,2680.000,2687.000,2632.000,2632.000,256172,391262,0.000
2009-04-28,2638.000,2653.000,2594.000,2610.000,1606688,433020,0.000
2009-04-29,2625.000,2666.000,2621.000,2662.000,1147106,417658,0.000
2009-04-30,2715.000,2735.000,2699.000,2720.000,1134672,395946,0.000
2009-05-01,2715.000,2735.000,2699.000,2720.000,1134672,395946,0.000
2009-05-04,2851.000,2851.000,2820.000,2850.000,957204,371596,0.000
2009-05-05,2830.000,2836.000,2795.000,2824.000,1064744,373352,0.000
2009-05-06,2820.000,2876.000,2820.000,2876.000,1009186,379370,0.000
2009-05-07,2878.000,2884.000,2835.000,2860.000,1098452,361926,0.000
2009-05-08,2860.000,2877.000,2845.000,2859.000,693162,361826,0.000
2009-05-11,2820.000,2820.000,2721.000,2735.000,994148,376330,0.000
2009-05-12,2782.000,2796.000,2763.000,2788.000,756186,359484,0.000
2009-05-13,2812.000,2835.000,2782.000,2829.000,877792,355004,0.000
2009-05-14,2795.000,2841.000,2770.000,2832.000,1231434,400782,0.000
2009-05-15,2870.000,2935.000,2868.000,2894.000,1498824,387842,0.000
2009-05-18,2840.000,2878.000,2823.000,2855.000,1205602,374120,0.000
2009-05-19,2900.000,2921.000,2886.000,2916.000,1049444,387112,0.000
2009-05-20,2925.000,2955.000,2919.000,2922.000,1147330,386536,0.000
2009-05-21,2920.000,2952.000,2917.000,2926.000,1039876,392590,0.000
2009-05-22,2956.000,2978.000,2947.000,2965.000,728684,394326,0.000
2009-05-25,2950.000,2965.000,2937.000,2960.000,580618,396978,0.000
2009-05-26,2885.000,2897.000,2835.000,2839.000,562818,159406,0.000
2009-05-27,2897.000,2898.000,2848.000,2862.000,396920,147348,0.000
2009-06-01,2891.000,2948.000,2881.000,2937.000,437050,148388,0.000
2009-06-02,3094.000,3130.000,3083.000,3116.000,687074,409834,0.000
2009-06-03,3120.000,3194.000,3117.000,3190.000,950764,475672,0.000
2009-06-04,2958.000,3027.000,2951.000,3020.000,1607692,325832,0.000
2009-06-05,3070.000,3104.000,3033.000,3047.000,1672516,316088,0.000
2009-06-08,3048.000,3077.000,3012.000,3014.000,1249996,340054,0.000
2009-06-09,3032.000,3040.000,2965.000,3000.000,1643438,329688,0.000
2009-06-10,3027.000,3033.000,2955.000,2961.000,1721156,370194,0.000
2009-06-11,2977.000,2996.000,2948.000,2959.000,1651406,355034,0.000
2009-06-12,2990.000,2995.000,2909.000,2914.000,1648304,386640,0.000
2009-06-15,2903.000,2936.000,2875.000,2917.000,1877540,393556,0.000
2009-06-16,2880.000,2924.000,2880.000,2918.000,1755322,412250,0.000
2009-06-17,2913.000,2918.000,2892.000,2911.000,1276398,401796,0.000
2009-06-18,2915.000,2933.000,2891.000,2904.000,1408008,384328,0.000
2009-06-19,2920.000,2925.000,2905.000,2917.000,915506,363150,0.000
2009-06-22,2851.000,2867.000,2828.000,2833.000,1017528,408770,0.000
2009-06-23,2817.000,2861.000,2807.000,2860.000,1302514,436518,0.000
2009-06-24,2847.000,2865.000,2836.000,2846.000,1228232,427684,0.000
2009-06-25,2842.000,2875.000,2836.000,2867.000,1001768,433370,0.000
2009-06-26,2865.000,2924.000,2864.000,2916.000,1401860,478598,0.000
2009-06-29,2900.000,2928.000,2879.000,2884.000,1341962,478160,0.000
2009-06-30,2895.000,2908.000,2885.000,2888.000,931148,473204,0.000
2009-07-01,2904.000,2968.000,2902.000,2967.000,1451274,557066,0.000
2009-07-02,2994.000,3003.000,2940.000,2949.000,1697460,513908,0.000
2009-07-03,2940.000,2973.000,2893.000,2925.000,2131690,489962,0.000
2009-07-06,2900.000,2918.000,2867.000,2877.000,1698238,492760,0.000
2009-07-07,2877.000,2900.000,2872.000,2888.000,1312360,539484,0.000
2009-07-08,2780.000,2793.000,2745.000,2767.000,1304994,531270,0.000
2009-07-09,2783.000,2790.000,2768.000,2776.000,949616,552790,0.000
2009-07-10,2792.000,2822.000,2765.000,2814.000,1375636,570650,0.000
2009-07-13,2826.000,2836.000,2782.000,2782.000,1280192,570206,0.000
2009-07-14,2803.000,2803.000,2779.000,2794.000,1147398,581926,0.000
2009-07-15,2790.000,2833.000,2790.000,2828.000,1122230,576948,0.000
2009-07-16,2810.000,2823.000,2765.000,2790.000,1667862,615452,0.000
2009-07-17,2770.000,2789.000,2762.000,2781.000,1264346,624222,0.000
2009-07-20,2820.000,2860.000,2814.000,2859.000,1385282,627662,0.000
2009-07-21,2847.000,2853.000,2826.000,2832.000,1163202,598054,0.000
2009-07-22,2820.000,2848.000,2812.000,2833.000,1007268,599888,0.000
2009-07-23,2843.000,2854.000,2832.000,2837.000,879934,593410,0.000
2009-07-24,2857.000,2860.000,2822.000,2832.000,716956,560306,0.000
2009-07-27,2810.000,2828.000,2804.000,2810.000,561086,546508,0.000
2009-07-28,2727.000,2788.000,2722.000,2781.000,723600,346862,0.000
2009-07-29,2779.000,2834.000,2763.000,2788.000,1639956,440666,0.000
2009-07-30,2810.000,2843.000,2800.000,2840.000,1581054,535500,0.000
2009-07-31,2910.000,2953.000,2881.000,2938.000,2092720,686388,0.000
2009-08-03,2998.000,3031.000,2975.000,3019.000,1985416,799576,0.000
2009-08-04,3013.000,3022.000,2950.000,2962.000,1923972,792758,0.000
2009-08-05,2997.000,3028.000,2973.000,2979.000,1986990,846424,0.000
2009-08-06,2980.000,2980.000,2895.000,2930.000,2263158,833812,0.000
2009-08-07,2915.000,2948.000,2894.000,2916.000,2051376,855524,0.000
2009-08-10,2927.000,2988.000,2925.000,2985.000,1865728,994784,0.000
2009-08-11,2952.000,2984.000,2942.000,2976.000,1837200,1064258,0.000
2009-08-12,2988.000,3027.000,2960.000,2969.000,2113662,1080620,0.000
2009-08-13,3002.000,3055.000,2985.000,3010.000,2286232,1093044,0.000
2009-08-14,2990.000,2994.000,2920.000,2930.000,1857298,1132042,0.000
2009-08-17,2851.000,2867.000,2811.000,2811.000,1454444,1104602,0.000
2009-08-18,2835.000,2848.000,2807.000,2842.000,1361290,1099382,0.000
2009-08-19,2843.000,2862.000,2753.000,2781.000,2048128,1134518,0.000
2009-08-20,2806.000,2834.000,2785.000,2832.000,1438944,1086888,0.000
2009-08-21,2809.000,2856.000,2803.000,2839.000,1641696,1066784,0.000
2009-08-24,2916.000,2926.000,2895.000,2917.000,1361288,1085884,0.000
2009-08-25,2921.000,2925.000,2883.000,2898.000,1221176,1072066,0.000
2009-08-26,2898.000,2916.000,2893.000,2912.000,790114,1076428,0.000
2009-08-27,2910.000,2913.000,2875.000,2889.000,879052,1089566,0.000
2009-08-28,2900.000,2944.000,2893.000,2941.000,1378202,1129356,0.000
2009-08-31,2965.000,2968.000,2879.000,2883.000,1681494,1138622,0.000
2009-09-01,2880.000,2902.000,2865.000,2879.000,1247190,1122216,0.000
2009-09-02,2818.000,2837.000,2755.000,2764.000,1542362,1061920,0.000
2009-09-03,2777.000,2812.000,2765.000,2805.000,1660638,963216,0.000
2009-09-04,2780.000,2788.000,2740.000,2758.000,1616742,987942,0.000
2009-09-07,2728.000,2758.000,2722.000,2735.000,1099414,994152,0.000
2009-09-08,2720.000,2790.000,2712.000,2785.000,1345916,1034524,0.000
2009-09-09,2786.000,2808.000,2761.000,2774.000,1283508,1010356,0.000
2009-09-10,2780.000,2790.000,2766.000,2776.000,1094246,996710,0.000
2009-09-11,2778.000,2783.000,2740.000,2746.000,829224,1006840,0.000
2009-09-14,2690.000,2716.000,2650.000,2701.000,1129972,1010040,0.000
2009-09-15,2715.000,2735.000,2704.000,2711.000,892346,1015606,0.000
2009-09-16,2800.000,2806.000,2772.000,2786.000,1054430,975164,0.000
2009-09-17,2780.000,2811.000,2763.000,2810.000,1001862,1004052,0.000
2009-09-18,2800.000,2824.000,2780.000,2790.000,1550490,1002222,0.000
2009-09-21,2765.000,2791.000,2765.000,2776.000,846332,1016218,0.000
2009-09-22,2760.000,2785.000,2752.000,2758.000,912960,1010572,0.000
2009-09-23,2774.000,2776.000,2736.000,2738.000,713700,997198,0.000
2009-09-24,2746.000,2748.000,2696.000,2709.000,881770,968442,0.000
2009-09-25,2709.000,2725.000,2699.000,2709.000,809912,950516,0.000
2009-09-28,2721.000,2722.000,2658.000,2679.000,886726,851460,0.000
2009-09-29,2689.000,2706.000,2668.000,2703.000,764404,815004,0.000
2009-09-30,2696.000,2716.000,2680.000,2705.000,604470,796506,0.000
2009-10-09,2750.000,2768.000,2730.000,2759.000,582810,806548,0.000
2009-10-12,2807.000,2847.000,2796.000,2843.000,1201784,861482,0.000
2009-10-13,2847.000,2857.000,2819.000,2822.000,1206598,865446,0.000
2009-10-14,2830.000,2882.000,2821.000,2865.000,1832730,931848,0.000
2009-10-15,2860.000,2880.000,2845.000,2849.000,1443326,920480,0.000
2009-10-16,2836.000,2869.000,2830.000,2867.000,1728034,965322,0.000
2009-10-19,2847.000,2889.000,2840.000,2866.000,1769058,1028516,0.000
2009-10-20,2880.000,2891.000,2841.000,2847.000,1362760,977888,0.000
2009-10-21,2840.000,2855.000,2828.000,2847.000,1391208,976450,0.000
2009-10-22,2862.000,2868.000,2836.000,2837.000,1112754,949026,0.000
2009-10-23,2859.000,2884.000,2855.000,2876.000,1240728,911912,0.000
2009-10-26,2870.000,2895.000,2863.000,2887.000,1119554,907682,0.000
2009-10-27,2849.000,2856.000,2841.000,2846.000,785628,913640,0.000
2009-10-28,2830.000,2844.000,2798.000,2810.000,1130876,934364,0.000
2009-10-29,2800.000,2810.000,2791.000,2803.000,839230,901132,0.000
2009-10-30,2825.000,2828.000,2811.000,2813.000,586112,876636,0.000
2009-11-02,2782.000,2822.000,2782.000,2818.000,736512,909874,0.000
2009-11-03,2830.000,2845.000,2825.000,2840.000,609372,879898,0.000
2009-11-04,2858.000,2862.000,2848.000,2853.000,468670,861810,0.000
2009-11-05,2839.000,2863.000,2838.000,2856.000,503960,871814,0.000
2009-11-06,2839.000,2858.000,2838.000,2855.000,442754,908680,0.000
2009-11-09,2835.000,2860.000,2834.000,2859.000,448070,921190,0.000
2009-11-10,2803.000,2815.000,2788.000,2790.000,600740,608936,0.000
2009-11-11,2792.000,2815.000,2791.000,2805.000,657518,644912,0.000
2009-11-12,2885.000,2912.000,2882.000,2911.000,664486,887614,0.000
2009-11-13,2920.000,2939.000,2917.000,2922.000,775984,887860,0.000
2009-11-16,2845.000,2871.000,2837.000,2861.000,927006,703272,0.000
2009-11-17,2871.000,2876.000,2850.000,2851.000,685592,702048,0.000
2009-11-18,2871.000,2900.000,2867.000,2895.000,1230982,736584,0.000
2009-11-19,2887.000,2938.000,2884.000,2930.000,1644598,823338,0.000
2009-11-20,2944.000,2968.000,2926.000,2946.000,1638298,882424,0.000
2009-11-23,2962.000,2999.000,2952.000,2998.000,1485102,928370,0.000
2009-11-24,2969.000,3003.000,2943.000,2954.000,1711894,941142,0.000
2009-11-25,2975.000,2992.000,2966.000,2989.000,1518516,980596,0.000
2009-11-26,2999.000,3020.000,2985.000,2999.000,1947522,985060,0.000
2009-11-27,2976.000,2985.000,2888.000,2906.000,1991808,885356,0.000
2009-11-30,2975.000,3016.000,2965.000,3014.000,2075012,919812,0.000
2009-12-01,3011.000,3030.000,3004.000,3023.000,2290752,984936,0.000
2009-12-02,3020.000,3033.000,3004.000,3021.000,1655180,979866,0.000
2009-12-03,3001.000,3015.000,2997.000,3007.000,1440246,993950,0.000
2009-12-04,3000.000,3033.000,2999.000,3031.000,1699918,1017564,0.000
2009-12-07,3030.000,3098.000,3026.000,3060.000,2374434,1079608,0.000
2009-12-08,3073.000,3081.000,3043.000,3060.000,1244002,1113916,0.000
2009-12-09,3031.000,3038.000,2969.000,2980.000,1692692,1059786,0.000
2009-12-10,2964.000,2987.000,2919.000,2947.000,1456176,1026866,0.000
2009-12-11,2957.000,2964.000,2944.000,2950.000,933210,1036776,0.000
2009-12-14,2955.000,2960.000,2903.000,2938.000,1298264,1008128,0.000
2009-12-15,2974.000,2992.000,2963.000,2981.000,1241142,954832,0.000
2009-12-16,2981.000,3013.000,2978.000,3007.000,1295772,996656,0.000
2009-12-17,3020.000,3033.000,2982.000,3003.000,1529582,1008388,0.000
2009-12-18,2950.000,2964.000,2933.000,2962.000,1006412,974468,0.000
2009-12-21,2958.000,2976.000,2948.000,2965.000,1164092,1003782,0.000
2009-12-22,2949.000,2969.000,2940.000,2951.000,976690,1007318,0.000
2009-12-23,2945.000,2960.000,2921.000,2944.000,1080228,992196,0.000
2009-12-24,2960.000,2978.000,2952.000,2973.000,941986,975944,0.000
2009-12-25,2970.000,2986.000,2963.000,2969.000,850400,992998,0.000
2009-12-28,2978.000,3011.000,2973.000,3008.000,1052262,1023780,0.000
2009-12-29,3020.000,3026.000,2993.000,2996.000,914104,1016986,0.000
2009-12-30,3003.000,3008.000,2980.000,2988.000,698642,997900,0.000
2009-12-31,2998.000,3021.000,2996.000,3020.000,1039824,1035794,0.000
2010-01-04,3050.000,3055.000,3024.000,3033.000,996272,1064048,0.000
2010-01-05,3035.000,3051.000,3032.000,3032.000,966822,1072058,0.000
2010-01-06,3035.000,3082.000,3030.000,3058.000,1301166,1101624,0.000
2010-01-07,3065.000,3080.000,2936.000,2988.000,1524266,1053354,0.000
2010-01-08,2980.000,2986.000,2930.000,2962.000,1081884,1041282,0.000
2010-01-11,2984.000,2998.000,2980.000,2985.000,579852,1036886,0.000
2010-01-12,2958.000,2967.000,2941.000,2955.000,640288,1069506,0.000
2010-01-13,2890.000,2898.000,2860.000,2869.000,843484,1047434,0.000
2010-01-14,2889.000,2898.000,2880.000,2881.000,620724,1065782,0.000
2010-01-15,2875.000,2905.000,2870.000,2886.000,1040630,1035494,0.000
2010-01-18,2892.000,2909.000,2888.000,2904.000,732728,1032604,0.000
2010-01-19,2912.000,2923.000,2906.000,2910.000,455936,1029274,0.000
2010-01-20,2906.000,2913.000,2863.000,2870.000,744150,1057972,0.000
2010-01-21,2866.000,2885.000,2856.000,2885.000,600812,1056538,0.000
2010-01-22,2872.000,2878.000,2838.000,2870.000,667210,1061352,0.000
2010-01-25,2866.000,2882.000,2864.000,2870.000,421144,1065198,0.000
2010-01-26,2864.000,2868.000,2841.000,2843.000,598096,1093680,0.000
2010-01-27,2854.000,2861.000,2848.000,2852.000,430520,1095140,0.000
2010-01-28,2827.000,2829.000,2802.000,2807.000,548034,1103750,0.000
2010-01-29,2805.000,2815.000,2782.000,2788.000,452370,1105410,0.000
2010-02-01,2765.000,2780.000,2716.000,2721.000,833580,1087088,0.000
2010-02-02,2735.000,2739.000,2683.000,2698.000,778620,1048406,0.000
2010-02-03,2730.000,2742.000,2710.000,2742.000,602922,1020170,0.000
2010-02-04,2710.000,2729.000,2691.000,2718.000,689204,1018600,0.000
2010-02-05,2702.000,2740.000,2693.000,2730.000,841546,1001438,0.000
2010-02-08,2743.000,2759.000,2742.000,2756.000,472148,991290,0.000
2010-02-09,2756.000,2762.000,2742.000,2758.000,432064,995408,0.000
2010-02-10,2753.000,2760.000,2721.000,2742.000,679908,1000772,0.000
2010-02-11,2772.000,2795.000,2762.000,2780.000,582192,932412,0.000
2010-02-12,2784.000,2787.000,2768.000,2776.000,263136,931364,0.000
2010-02-22,2810.000,2820.000,2792.000,2813.000,549288,908702,0.000
2010-02-23,2821.000,2878.000,2816.000,2868.000,1244932,996588,0.000
2010-02-24,2850.000,2860.000,2847.000,2854.000,762190,997644,0.000
2010-02-25,2856.000,2864.000,2824.000,2832.000,850620,1000890,0.000
2010-02-26,2828.000,2829.000,2807.000,2814.000,543582,983676,0.000
2010-03-01,2841.000,2857.000,2831.000,2851.000,907538,1008070,0.000
2010-03-02,2851.000,2852.000,2818.000,2821.000,669456,994454,0.000
2010-03-03,2828.000,2840.000,2826.000,2831.000,573710,1010382,0.000
2010-03-04,2825.000,2825.000,2777.000,2783.000,947158,1059436,0.000
2010-03-05,2765.000,2779.000,2752.000,2777.000,703664,1065496,0.000
2010-03-08,2779.000,2800.000,2774.000,2797.000,588242,1049370,0.000
2010-03-09,2794.000,2804.000,2781.000,2794.000,714548,1077636,0.000
2010-03-10,2788.000,2797.000,2784.000,2787.000,409042,1082394,0.000
2010-03-11,2801.000,2809.000,2760.000,2784.000,834180,1069536,0.000
2010-03-12,2756.000,2761.000,2738.000,2749.000,714486,1085436,0.000
2010-03-15,2745.000,2754.000,2736.000,2749.000,563556,1075596,0.000
2010-03-16,2760.000,2796.000,2755.000,2792.000,610808,1040668,0.000
2010-03-17,2809.000,2810.000,2793.000,2798.000,725426,1086502,0.000
2010-03-18,2802.000,2808.000,2782.000,2790.000,597874,1050828,0.000
2010-03-19,2804.000,2843.000,2797.000,2833.000,1111696,1054268,0.000
2010-03-22,2829.000,2839.000,2821.000,2828.000,477048,1017154,0.000
2010-03-23,2843.000,2847.000,2823.000,2827.000,425284,994840,0.000
2010-03-24,2826.000,2829.000,2806.000,2813.000,403578,985578,0.000
2010-03-25,2810.000,2830.000,2810.000,2824.000,466984,986628,0.000
2010-03-26,2806.000,2818.000,2796.000,2814.000,597074,962972,0.000
2010-03-29,2829.000,2838.000,2819.000,2832.000,370804,957108,0.000
2010-03-30,2840.000,2866.000,2835.000,2844.000,1195850,951536,0.000
2010-03-31,2850.000,2860.000,2845.000,2849.000,647836,934048,0.000
2010-04-01,2801.000,2819.000,2801.000,2818.000,541064,992506,0.000
2010-04-02,2820.000,2831.000,2818.000,2830.000,291720,999428,0.000
2010-04-06,2819.000,2837.000,2817.000,2823.000,356676,1028116,0.000
2010-04-07,2830.000,2842.000,2824.000,2840.000,452518,1031338,0.000
2010-04-08,2840.000,2844.000,2824.000,2826.000,347728,1021868,0.000
2010-04-09,2826.000,2832.000,2823.000,2829.000,272928,1043558,0.000
2010-04-12,2839.000,2862.000,2838.000,2853.000,360934,394272,0.000
2010-04-13,2850.000,2870.000,2838.000,2870.000,630530,485990,0.000
2010-04-14,2880.000,2887.000,2864.000,2867.000,807658,558412,0.000
2010-04-15,2869.000,2876.000,2858.000,2863.000,504052,588980,0.000
2010-04-16,2880.000,2885.000,2870.000,2881.000,523424,576440,0.000
2010-04-19,2873.000,2875.000,2845.000,2853.000,562156,548304,0.000
2010-04-20,2870.000,2901.000,2867.000,2897.000,1218116,661124,0.000
2010-04-21,2899.000,2906.000,2889.000,2892.000,663114,668172,0.000
2010-04-22,2900.000,2905.000,2890.000,2893.000,574370,674536,0.000
2010-04-23,2900.000,2925.000,2898.000,2919.000,965700,678912,0.000
2010-04-26,2925.000,2942.000,2923.000,2937.000,816718,677270,0.000
2010-04-27,2929.000,2936.000,2919.000,2930.000,868550,704188,0.000
2010-04-28,2900.000,2915.000,2886.000,2903.000,813416,700996,0.000
2010-04-29,2909.000,2918.000,2900.000,2903.000,489550,688682,0.000
2010-04-30,2907.000,2950.000,2895.000,2944.000,817070,744346,0.000
2010-05-04,2925.000,2930.000,2912.000,2920.000,890022,828084,0.000
2010-05-05,2913.000,2940.000,2908.000,2937.000,1146090,931198,0.000
2010-05-06,2929.000,2933.000,2886.000,2892.000,1601130,824322,0.000
2010-05-07,2861.000,2871.000,2842.000,2854.000,1211318,758392,0.000
2010-05-10,2871.000,2901.000,2871.000,2898.000,963282,709896,0.000
2010-05-11,2894.000,2899.000,2879.000,2881.000,640302,719968,0.000
2010-05-12,2889.000,2920.000,2889.000,2911.000,1040450,759362,0.000
2010-05-13,2910.000,2919.000,2902.000,2914.000,798498,794406,0.000
2010-05-14,2910.000,2913.000,2878.000,2884.000,747060,766268,0.000
2010-05-17,2870.000,2878.000,2822.000,2838.000,1190716,742504,0.000
2010-05-18,2842.000,2868.000,2836.000,2855.000,809114,728704,0.000
2010-05-19,2836.000,2853.000,2825.000,2835.000,806210,738876,0.000
2010-05-20,2851.000,2862.000,2834.000,2839.000,684070,778316,0.000
2010-05-21,2838.000,2853.000,2810.000,2846.000,1018440,744736,0.000
2010-05-24,2851.000,2863.000,2840.000,2852.000,812376,757644,0.000
2010-05-25,2836.000,2844.000,2818.000,2823.000,946580,760248,0.000
2010-05-26,2837.000,2839.000,2822.000,2834.000,632112,756076,0.000
2010-05-27,2836.000,2840.000,2824.000,2838.000,592980,777030,0.000
2010-05-28,2850.000,2852.000,2825.000,2828.000,644560,781454,0.000
2010-05-31,2812.000,2812.000,2795.000,2796.000,780858,821630,0.000
2010-06-01,2803.000,2806.000,2787.000,2792.000,724876,811362,0.000
2010-06-02,2790.000,2804.000,2783.000,2798.000,620006,783150,0.000
2010-06-03,2801.000,2809.000,2793.000,2805.000,515994,772926,0.000
2010-06-04,2826.000,2826.000,2813.000,2818.000,434754,751566,0.000
2010-06-07,2773.000,2776.000,2760.000,2771.000,620686,731784,0.000
2010-06-08,2773.000,2778.000,2768.000,2775.000,286514,723804,2772.000
2010-06-09,2766.000,2772.000,2748.000,2765.000,533764,729658,2758.000
2010-06-10,2774.000,2775.000,2762.000,2765.000,420748,697880,2767.000
2010-06-11,2766.000,2766.000,2748.000,2752.000,334736,687868,2757.000
2010-06-17,2788.000,2788.000,2771.000,2777.000,328838,631486,2777.000
2010-06-18,2780.000,2801.000,2777.000,2794.000,526006,642646,2788.000
2010-06-21,2813.000,2860.000,2810.000,2854.000,890016,671700,2837.000
2010-06-22,2841.000,2852.000,2835.000,2848.000,425380,649530,2842.000
2010-06-23,2832.000,2862.000,2828.000,2846.000,688476,685698,2846.000
2010-06-24,2840.000,2851.000,2839.000,2840.000,397454,675802,2844.000
2010-06-25,2830.000,2838.000,2823.000,2831.000,418544,672732,2830.000
2010-06-28,2829.000,2839.000,2828.000,2829.000,293634,653022,2833.000
2010-06-29,2835.000,2848.000,2810.000,2831.000,693210,635606,2830.000
2010-06-30,2823.000,2828.000,2805.000,2812.000,607758,664454,2812.000
2010-07-01,2806.000,2819.000,2803.000,2814.000,386518,641830,2812.000
2010-07-02,2818.000,2837.000,2815.000,2832.000,510606,684988,2825.000
2010-07-05,2833.000,2833.000,2821.000,2824.000,316572,690010,2825.000
2010-07-06,2818.000,2834.000,2810.000,2830.000,467068,707316,2822.000
2010-07-07,2828.000,2841.000,2823.000,2833.000,474328,745302,2831.000
2010-07-08,2871.000,2874.000,2862.000,2866.000,539316,706562,2867.000
2010-07-09,2880.000,2903.000,2876.000,2899.000,825474,644250,2889.000
2010-07-12,2903.000,2912.000,2883.000,2887.000,566614,588240,2898.000
2010-07-13,2892.000,2898.000,2880.000,2884.000,451492,557406,2889.000
2010-07-14,2892.000,2894.000,2882.000,2891.000,295504,538560,2887.000
2010-07-15,2893.000,2915.000,2889.000,2898.000,596158,548380,2903.000
2010-07-16,2930.000,2948.000,2927.000,2946.000,602876,546786,2938.000
2010-07-19,2911.000,2934.000,2905.000,2928.000,662648,664290,0.000
2010-07-20,2912.000,2917.000,2898.000,2911.000,697656,760064,0.000
2010-07-21,2913.000,2921.000,2901.000,2907.000,683212,820606,0.000
2010-07-22,2910.000,2914.000,2889.000,2904.000,768084,853070,0.000
2010-07-23,2905.000,2916.000,2895.000,2909.000,760746,883496,0.000
2010-07-26,2907.000,2934.000,2898.000,2926.000,1125216,1008056,0.000
2010-07-27,2906.000,2907.000,2870.000,2873.000,952082,999178,0.000
2010-07-28,2879.000,2902.000,2875.000,2897.000,607966,1025100,0.000
2010-07-29,2918.000,2925.000,2903.000,2921.000,761600,1020194,0.000
2010-07-30,2930.000,2959.000,2930.000,2952.000,922898,1062180,0.000
2010-08-02,2981.000,3042.000,2981.000,3026.000,1155712,1143100,0.000
2010-08-03,3015.000,3020.000,2995.000,3004.000,861074,1123000,0.000
2010-08-04,3014.000,3035.000,2998.000,3013.000,996130,1120700,0.000
2010-08-05,3031.000,3041.000,2960.000,2970.000,1171546,1068400,0.000
2010-08-06,2985.000,3012.000,2960.000,3007.000,1183308,1097100,0.000
2010-08-09,3010.000,3065.000,2992.000,3039.000,2033800,1202900,0.000
2010-08-10,3016.000,3028.000,2997.000,3005.000,1012100,1188300,0.000
2010-08-11,2995.000,3030.000,2989.000,2997.000,1743700,1231000,0.000
2010-08-12,2994.000,3012.000,2977.000,3002.000,1448000,1246400,0.000
2010-08-13,3042.000,3054.000,3026.000,3051.000,1427200,1307300,0.000
2010-08-16,3051.000,3071.000,3042.000,3053.000,1380300,1313700,0.000
2010-08-17,3037.000,3043.000,3030.000,3042.000,805378,1324300,0.000
2010-08-18,3066.000,3077.000,3020.000,3028.000,1256900,1270700,0.000
2010-08-19,3033.000,3039.000,3003.000,3021.000,842766,1259000,0.000
2010-08-20,2996.000,2996.000,2967.000,2969.000,768902,1234700,0.000
2010-08-23,2980.000,2989.000,2971.000,2985.000,728154,1230700,0.000
2010-08-24,2976.000,2992.000,2966.000,2967.000,721440,1235700,0.000
2010-08-25,2971.000,2975.000,2948.000,2951.000,678024,1225600,0.000
2010-08-26,2961.000,2975.000,2958.000,2974.000,518400,1214600,0.000
2010-08-27,2988.000,3001.000,2981.000,3000.000,730824,1221500,0.000
2010-08-30,3022.000,3036.000,3015.000,3025.000,597768,1228200,0.000
2010-08-31,3000.000,3000.000,2972.000,2975.000,592512,1203200,0.000
2010-09-01,2981.000,2992.000,2968.000,2985.000,547598,1190300,0.000
2010-09-02,2985.000,2990.000,2975.000,2984.000,472150,1177800,0.000
2010-09-03,2987.000,3034.000,2985.000,3027.000,1293700,1284800,0.000
2010-09-06,3062.000,3066.000,3043.000,3057.000,798468,798468,0.000
2010-09-07,3065.000,3092.000,3048.000,3089.000,1482200,1372900,0.000
2010-09-08,3106.000,3109.000,3062.000,3069.000,943344,1318608,0.000
2010-09-09,3076.000,3084.000,2977.000,3042.000,1245432,1227800,0.000
2010-09-10,3048.000,3054.000,3030.000,3044.000,711374,1218600,0.000
2010-09-13,3022.000,3050.000,3019.000,3049.000,787572,1229100,0.000
2010-09-14,3042.000,3052.000,3034.000,3046.000,765048,1239000,0.000
2010-09-15,3058.000,3104.000,3054.000,3093.000,1579870,1265898,0.000
2010-09-16,3100.000,3128.000,3085.000,3106.000,1643398,1279194,0.000
2010-09-17,3116.000,3122.000,3092.000,3110.000,1111592,1205418,0.000
2010-09-20,3190.000,3230.000,3181.000,3230.000,532728,1233792,0.000
2010-09-21,3228.000,3263.000,3202.000,3247.000,2146292,1351684,0.000
2010-09-24,3228.000,3263.000,3202.000,3247.000,2146292,1351684,0.000
2010-09-27,3350.000,3380.000,3276.000,3283.000,1306900,1328800,0.000
2010-09-28,3266.000,3311.000,3256.000,3302.000,1001446,1378100,0.000
2010-09-29,3260.000,3274.000,3188.000,3227.000,1552008,1394620,0.000
2010-09-30,3218.000,3258.000,3210.000,3258.000,1135056,1423274,0.000
2010-10-07,3218.000,3258.000,3210.000,3258.000,1135056,1423274,3238.000
2010-10-08,3198.000,3225.000,3179.000,3184.000,1191518,1526974,0.000
2010-10-11,3336.000,3336.000,3336.000,3336.000,47414,1485586,0.000
2010-10-12,3366.000,3412.000,3311.000,3391.000,2384372,1603356,0.000
2010-10-13,3400.000,3430.000,3381.000,3413.000,1703484,1488076,0.000
2010-10-14,3425.000,3433.000,3405.000,3409.000,1230500,1402400,0.000
2010-10-15,3420.000,3434.000,3386.000,3418.000,1139800,1336800,0.000
2010-10-18,3400.000,3419.000,3362.000,3401.000,984060,879910,3399.000
2010-10-19,3415.000,3443.000,3400.000,3415.000,1036900,1037000,3425.000
2010-10-20,3364.000,3434.000,3339.000,3411.000,1418400,1418600,3402.000
2010-10-21,3459.000,3492.000,3418.000,3418.000,1665300,1122100,3460.000
2010-10-22,3401.000,3431.000,3381.000,3394.000,1132500,1127400,3409.000
2010-10-25,3408.000,3467.000,3406.000,3447.000,1957200,1257900,3441.000
2010-10-26,3450.000,3455.000,3360.000,3385.000,1729602,1273164,3407.000
2010-10-27,3417.000,3429.000,3295.000,3322.000,1617000,1165800,3358.000
2010-10-28,3357.000,3388.000,3328.000,3386.000,1481818,1229666,3362.000
2010-10-29,3370.000,3400.000,3321.000,3341.000,1844790,1240288,3367.000
2010-11-01,3372.000,3417.000,3365.000,3404.000,1361186,1293180,3400.000
2010-11-02,3398.000,3398.000,3360.000,3368.000,1102900,1291600,3375.000
2010-11-03,3375.000,3386.000,3333.000,3340.000,1300300,1312800,3360.000
2010-11-04,3365.000,3388.000,3348.000,3384.000,1295318,1352630,3370.000
2010-11-05,3441.000,3498.000,3435.000,3481.000,2269136,2269100,3473.000
2010-11-08,3455.000,3518.000,3413.000,3488.000,3263706,3263700,3470.000
2010-11-09,3470.000,3518.000,3462.000,3503.000,2522872,2522800,3491.000
2010-11-10,3570.000,3588.000,3480.000,3511.000,2266400,1559500,3547.000
2010-11-11,3515.000,3539.000,3483.000,3499.000,1729312,1586796,3516.000
2010-11-12,3500.000,3500.000,3376.000,3376.000,2119808,1358500,3415.000
2010-11-15,3353.000,3424.000,3280.000,3378.000,2663802,1356410,3370.000
2010-11-16,3391.000,3398.000,3338.000,3347.000,1535312,1535300,3364.000
2010-11-17,3233.000,3260.000,3230.000,3230.000,452150,1268852,3233.000
2010-11-18,3261.000,3266.000,3158.000,3242.000,1911436,1248584,3218.000
2010-11-19,3261.000,3280.000,3203.000,3254.000,1398694,1217798,3244.000
2010-11-22,3223.000,3242.000,3206.000,3208.000,1000186,1214646,3223.000
2010-11-23,3230.000,3252.000,3199.000,3216.000,1621682,1177800,3229.000
2010-11-24,3253.000,3268.000,3242.000,3260.000,1080670,1172000,3254.000
2010-11-25,3261.000,3282.000,3247.000,3249.000,855660,1173620,3267.000
2010-11-26,3263.000,3264.000,3197.000,3206.000,1050016,1137532,3220.000
2010-11-29,3177.000,3207.000,3155.000,3207.000,807146,1079608,3183.000
2010-11-30,3208.000,3210.000,3165.000,3195.000,580156,1060256,3189.000
2010-12-01,3190.000,3225.000,3177.000,3218.000,608504,1028930,3208.000
2010-12-02,3260.000,3270.000,3241.000,3256.000,560460,993952,3257.000
2010-12-03,3247.000,3270.000,3242.000,3265.000,459956,984828,3256.000
2010-12-06,3283.000,3296.000,3264.000,3281.000,535152,925742,3281.000
2010-12-07,3265.000,3283.000,3259.000,3283.000,422622,910872,3270.000
2010-12-08,3251.000,3264.000,3231.000,3238.000,416640,903300,3251.000
2010-12-09,3268.000,3274.000,3256.000,3261.000,341152,866040,3263.000
2010-12-10,3251.000,3264.000,3250.000,3258.000,197838,863930,3257.000
2010-12-13,3242.000,3306.000,3235.000,3292.000,557170,885140,3279.000
2010-12-14,3300.000,3358.000,3300.000,3348.000,891064,924386,3336.000
2010-12-15,3340.000,3353.000,3301.000,3304.000,686420,970224,3325.000
2010-12-16,3310.000,3338.000,3306.000,3326.000,519108,977944,3324.000
2010-12-17,3321.000,3347.000,3319.000,3338.000,478180,998292,3336.000
2010-12-20,3360.000,3380.000,3320.000,3344.000,578630,974360,3352.000
2010-12-21,3360.000,3367.000,3347.000,3362.000,344706,961890,3356.000
2010-12-22,3365.000,3376.000,3342.000,3348.000,347560,917734,3357.000
2010-12-23,3355.000,3378.000,3350.000,3371.000,424620,932850,3363.000
2010-12-24,3388.000,3418.000,3380.000,3399.000,730566,941272,3399.000
2010-12-27,3385.000,3404.000,3378.000,3386.000,456320,934838,3390.000
2010-12-28,3420.000,3438.000,3415.000,3417.000,491230,925132,3426.000
2010-12-29,3417.000,3421.000,3373.000,3385.000,429384,881578,3394.000
2010-12-30,3417.000,3427.000,3358.000,3421.000,461772,854968,3395.000
2010-12-31,3400.000,3454.000,3400.000,3440.000,568450,886202,3439.000
2011-01-04,3439.000,3448.000,3423.000,3432.000,454046,875650,3434.000
2011-01-05,3406.000,3411.000,3375.000,3386.000,377990,862902,3391.000
2011-01-06,3411.000,3430.000,3411.000,3424.000,374444,852438,3422.000
2011-01-07,3395.000,3396.000,3360.000,3361.000,456964,816626,3381.000
2011-01-10,3375.000,3415.000,3370.000,3390.000,459470,815652,3394.000
2011-01-11,3413.000,3418.000,3394.000,3405.000,271212,808406,3403.000
2011-01-12,3381.000,3421.000,3380.000,3403.000,712110,848168,3402.000
2011-01-13,3500.000,3500.000,3455.000,3456.000,550464,806888,3470.000
2011-01-14,3451.000,3506.000,3451.000,3497.000,599986,845706,3485.000
2011-01-17,3500.000,3550.000,3496.000,3531.000,754220,870052,3529.000
2011-01-18,3515.000,3543.000,3503.000,3538.000,564928,894632,3523.000
2011-01-19,3543.000,3545.000,3520.000,3526.000,429066,865804,3528.000
2011-01-20,3504.000,3518.000,3488.000,3491.000,429840,829690,3502.000
2011-01-21,3487.000,3510.000,3480.000,3487.000,373672,813034,3498.000
2011-01-24,3493.000,3540.000,3490.000,3523.000,548730,820118,3519.000
2011-01-25,3510.000,3527.000,3466.000,3472.000,411740,812354,3503.000
2011-01-26,3440.000,3455.000,3405.000,3419.000,390080,793712,3421.000
2011-01-27,3443.000,3466.000,3426.000,3455.000,391972,806344,3447.000
2011-01-28,3455.000,3475.000,3445.000,3452.000,244932,798042,3459.000
2011-01-31,3460.000,3488.000,3457.000,3484.000,217212,801260,3478.000
2011-02-01,3490.000,3519.000,3486.000,3516.000,233436,810464,3502.000
2011-02-09,3535.000,3568.000,3521.000,3560.000,382886,805462,3552.000
2011-02-10,3568.000,3604.000,3542.000,3545.000,496258,779874,3574.000
2011-02-11,3542.000,3560.000,3525.000,3543.000,354558,742756,3547.000
2011-02-14,3542.000,3554.000,3530.000,3541.000,215852,748932,3541.000
2011-02-15,3520.000,3527.000,3480.000,3486.000,282368,751058,3504.000
2011-02-16,3441.000,3467.000,3433.000,3461.000,253934,736666,3449.000
2011-02-17,3472.000,3478.000,3428.000,3438.000,238386,469190,3459.000
2011-02-18,3484.000,3492.000,3458.000,3458.000,277410,422024,3475.000
2011-02-21,3432.000,3455.000,3426.000,3446.000,142126,657396,3442.000
2011-02-22,3474.000,3491.000,3436.000,3484.000,266032,443304,3471.000
2011-02-23,3385.000,3390.000,3357.000,3368.000,262100,472014,3375.000
2011-02-24,3364.000,3366.000,3298.000,3310.000,196788,568078,3324.000
2011-02-25,3324.000,3362.000,3321.000,3360.000,143722,542032,3344.000
2011-02-28,3385.000,3423.000,3383.000,3406.000,190138,509906,3405.000
2011-03-01,3411.000,3417.000,3403.000,3413.000,112728,442766,3410.000
2011-03-02,3416.000,3458.000,3408.000,3453.000,216266,455040,3434.000
2011-03-03,3454.000,3457.000,3428.000,3433.000,136354,458208,3444.000
2011-03-04,3457.000,3474.000,3436.000,3452.000,194414,460096,3455.000
2011-03-07,3440.000,3455.000,3431.000,3445.000,127142,467124,3445.000
2011-03-08,3415.000,3430.000,3380.000,3393.000,187096,460888,3404.000
2011-03-09,3400.000,3401.000,3383.000,3389.000,101164,460638,3391.000
2011-03-10,3360.000,3368.000,3342.000,3346.000,141960,454666,3354.000
2011-03-11,3359.000,3367.000,3331.000,3347.000,138790,464756,3351.000
2011-03-14,3320.000,3355.000,3307.000,3315.000,203868,482204,3323.000
2011-03-15,3330.000,3342.000,3308.000,3339.000,236546,489190,3328.000
2011-03-16,3296.000,3297.000,3257.000,3272.000,356352,510708,3272.000
2011-03-17,3259.000,3298.000,3252.000,3285.000,344010,517948,3276.000
2011-03-18,3319.000,3328.000,3303.000,3305.000,235520,502426,3311.000
2011-03-21,3332.000,3339.000,3317.000,3331.000,289500,455366,3329.000
2011-03-22,3325.000,3336.000,3320.000,3330.000,154166,443826,3330.000
2011-03-23,3330.000,3384.000,3328.000,3382.000,297724,416558,3363.000
2011-03-24,3368.000,3377.000,3352.000,3358.000,188702,411478,3364.000
2011-03-25,3371.000,3403.000,3369.000,3399.000,275640,421808,3393.000
2011-03-28,3389.000,3408.000,3363.000,3392.000,325544,402982,3388.000
2011-03-29,3375.000,3417.000,3366.000,3404.000,397798,441308,3394.000
2011-03-30,3410.000,3420.000,3396.000,3406.000,254000,427680,3407.000
2011-03-31,3412.000,3422.000,3396.000,3410.000,242634,429584,3408.000
2011-04-01,3438.000,3445.000,3426.000,3427.000,239084,425626,3435.000
2011-04-06,3400.000,3433.000,3399.000,3427.000,237918,447586,3419.000
2011-04-07,3424.000,3437.000,3417.000,3423.000,180202,466054,3424.000
2011-04-08,3415.000,3417.000,3389.000,3414.000,336654,496540,3405.000
2011-04-11,3434.000,3462.000,3429.000,3439.000,384016,503350,3445.000
2011-04-12,3403.000,3415.000,3381.000,3386.000,287386,531214,3402.000
2011-04-13,3358.000,3380.000,3355.000,3376.000,243188,554318,3367.000
2011-04-14,3360.000,3374.000,3340.000,3344.000,257172,569812,3360.000
2011-04-15,3362.000,3362.000,3333.000,3338.000,210582,566872,3345.000
2011-04-18,3330.000,3352.000,3320.000,3346.000,211914,582978,3339.000
2011-04-19,3353.000,3357.000,3336.000,3340.000,240476,569968,3346.000
2011-04-20,3349.000,3376.000,3348.000,3374.000,233688,576554,3365.000
2011-04-21,3378.000,3381.000,3362.000,3365.000,171856,573208,3370.000
2011-04-22,3385.000,3393.000,3376.000,3392.000,234360,543704,3385.000
2011-04-25,3402.000,3408.000,3380.000,3387.000,158496,539452,3391.000
2011-04-26,3370.000,3375.000,3352.000,3359.000,150602,527798,3368.000
2011-04-27,3370.000,3379.000,3357.000,3360.000,162880,516986,3369.000
2011-04-28,3370.000,3392.000,3367.000,3389.000,172620,516642,3378.000
2011-04-29,3340.000,3350.000,3302.000,3316.000,298580,556958,3328.000
2011-05-03,3355.000,3356.000,3333.000,3342.000,148670,511942,3341.000
2011-05-04,3324.000,3332.000,3316.000,3322.000,137744,510082,3323.000
2011-05-05,3305.000,3342.000,3302.000,3328.000,328484,545328,3326.000
2011-05-06,3292.000,3298.000,3276.000,3279.000,287162,553552,3286.000
2011-05-09,3290.000,3298.000,3286.000,3292.000,127588,553902,3292.000
2011-05-10,3293.000,3316.000,3293.000,3310.000,249090,564762,3305.000
2011-05-11,3310.000,3319.000,3293.000,3294.000,231622,595936,3306.000
2011-05-12,3293.000,3311.000,3282.000,3282.000,295780,569400,3296.000
2011-05-13,3298.000,3336.000,3295.000,3323.000,251380,566664,3310.000
2011-05-16,3304.000,3322.000,3304.000,3310.000,227962,580010,3311.000
2011-05-17,3309.000,3310.000,3253.000,3270.000,488552,624068,3270.000
2011-05-18,3285.000,3290.000,3275.000,3276.000,263168,602132,3282.000
2011-05-19,3309.000,3316.000,3298.000,3303.000,269484,553402,3306.000
2011-05-20,3306.000,3345.000,3303.000,3344.000,355364,584786,3326.000
2011-05-23,3356.000,3361.000,3327.000,3334.000,289970,571102,3344.000
2011-05-24,3339.000,3346.000,3329.000,3344.000,223622,568006,3335.000
2011-05-25,3340.000,3343.000,3332.000,3335.000,144346,558448,3336.000
2011-05-26,3347.000,3367.000,3341.000,3362.000,258802,591044,3358.000
2011-05-27,3370.000,3373.000,3351.000,3359.000,180220,567460,3359.000
2011-05-30,3350.000,3367.000,3348.000,3361.000,233230,544828,3359.000
2011-05-31,3365.000,3368.000,3338.000,3345.000,202026,538144,3348.000
2011-06-01,3350.000,3362.000,3345.000,3348.000,225966,555442,3353.000
2011-06-02,3355.000,3385.000,3350.000,3380.000,602354,607352,3373.000
2011-06-03,3395.000,3400.000,3384.000,3399.000,356644,580946,3391.000
2011-06-07,3366.000,3376.000,3358.000,3366.000,257152,557306,3368.000
2011-06-08,3380.000,3382.000,3358.000,3363.000,201964,551084,3368.000
2011-06-09,3380.000,3380.000,3363.000,3366.000,154056,525158,3372.000
2011-06-10,3368.000,3370.000,3344.000,3358.000,198934,493610,3356.000
2011-06-13,3352.000,3384.000,3352.000,3374.000,326042,533226,3371.000
2011-06-14,3366.000,3376.000,3365.000,3375.000,205048,543556,3370.000
2011-06-15,3363.000,3369.000,3355.000,3363.000,207458,550940,3361.000
2011-06-16,3357.000,3377.000,3342.000,3344.000,378420,560186,3363.000
2011-06-17,3326.000,3340.000,3304.000,3312.000,290128,512894,3319.000
2011-06-20,3303.000,3311.000,3288.000,3307.000,263256,517988,3302.000
2011-06-21,3318.000,3318.000,3305.000,3316.000,166784,523378,3312.000
2011-06-22,3320.000,3323.000,3310.000,3316.000,101838,518546,3316.000
2011-06-23,3295.000,3313.000,3285.000,3310.000,216218,524206,3299.000
2011-06-24,3295.000,3333.000,3293.000,3325.000,336634,558230,3321.000
2011-06-27,3308.000,3312.000,3265.000,3279.000,386382,598744,3288.000
2011-06-28,3299.000,3302.000,3281.000,3288.000,215246,570656,3290.000
2011-06-29,3301.000,3325.000,3296.000,3315.000,222436,567854,3311.000
2011-06-30,3311.000,3332.000,3310.000,3324.000,196102,575168,3322.000
2011-07-01,3298.000,3310.000,3287.000,3304.000,242624,609518,3297.000
2011-07-04,3318.000,3323.000,3298.000,3314.000,349070,655582,3310.000
2011-07-05,3312.000,3315.000,3290.000,3303.000,271770,626488,3304.000
2011-07-06,3302.000,3312.000,3281.000,3292.000,220400,604444,3294.000
2011-07-07,3246.000,3260.000,3241.000,3258.000,204536,688174,3251.000
2011-07-08,3275.000,3285.000,3271.000,3284.000,242814,736740,3277.000
2011-07-11,3289.000,3307.000,3283.000,3300.000,340544,798524,3296.000
2011-07-12,3296.000,3296.000,3280.000,3287.000,253762,785834,3288.000
2011-07-13,3310.000,3360.000,3308.000,3359.000,611316,948060,3339.000
2011-07-14,3374.000,3393.000,3366.000,3380.000,548434,1002700,3378.000
2011-07-15,3376.000,3391.000,3365.000,3385.000,430540,1030400,3380.000
2011-07-18,3387.000,3413.000,3369.000,3372.000,650986,1113100,3393.000
2011-07-19,3380.000,3390.000,3366.000,3389.000,400410,1125500,3381.000
2011-07-20,3388.000,3406.000,3375.000,3393.000,666110,1173000,3392.000
2011-07-21,3385.000,3415.000,3377.000,3409.000,671410,1287100,3400.000
2011-07-22,3416.000,3419.000,3401.000,3405.000,344876,1303618,3408.000
2011-07-25,3390.000,3397.000,3360.000,3361.000,526314,1274934,3378.000
2011-07-26,3362.000,3393.000,3361.000,3392.000,365120,1334780,3380.000
2011-07-27,3405.000,3433.000,3402.000,3429.000,599696,1429854,3423.000
2011-07-28,3402.000,3415.000,3396.000,3402.000,432318,1417490,3404.000
2011-07-29,3392.000,3407.000,3373.000,3375.000,551960,1434644,3394.000
2011-08-01,3380.000,3395.000,3380.000,3394.000,407272,1509832,3388.000
2011-08-02,3388.000,3396.000,3371.000,3373.000,460840,1492152,3382.000
2011-08-03,3386.000,3395.000,3373.000,3373.000,375466,1480042,3385.000
2011-08-04,3365.000,3373.000,3340.000,3342.000,505264,1438500,3352.000
2011-08-05,3299.000,3300.000,3185.000,3264.000,763208,1273100,3257.000
2011-08-08,3245.000,3271.000,3234.000,3252.000,515420,1197100,3253.000
2011-08-09,3190.000,3235.000,3150.000,3226.000,778704,1046812,3197.000
2011-08-10,3248.000,3267.000,3245.000,3260.000,410986,1041780,3259.000
2011-08-11,3241.000,3279.000,3241.000,3277.000,511010,1123094,3266.000
2011-08-12,3302.000,3309.000,3280.000,3282.000,343364,1088000,3293.000
2011-08-15,3307.000,3318.000,3301.000,3308.000,360014,1109598,3309.000
2011-08-16,3315.000,3318.000,3285.000,3288.000,283296,1089600,3301.000
2011-08-17,3299.000,3313.000,3295.000,3307.000,253924,1080800,3306.000
2011-08-18,3318.000,3320.000,3305.000,3307.000,192384,1062500,3311.000
2011-08-19,3281.000,3312.000,3281.000,3306.000,322440,1033200,3300.000
2011-08-22,3325.000,3343.000,3322.000,3327.000,370000,1014500,3332.000
2011-08-23,3359.000,3370.000,3346.000,3369.000,393580,1039600,3354.000
2011-08-24,3372.000,3375.000,3348.000,3355.000,338328,1037286,3358.000
2011-08-25,3349.000,3353.000,3335.000,3349.000,267128,1042032,3343.000
2011-08-26,3358.000,3358.000,3330.000,3337.000,268714,1036500,3343.000
2011-08-29,3385.000,3425.000,3378.000,3416.000,845450,1118300,3402.000
2011-08-30,3419.000,3427.000,3401.000,3408.000,595428,1036388,3414.000
2011-08-31,3416.000,3444.000,3411.000,3423.000,645146,1076800,3431.000
2011-09-01,3423.000,3426.000,3402.000,3407.000,425350,1089100,3413.000
2011-09-02,3399.000,3409.000,3385.000,3406.000,348654,1074700,3400.000
2011-09-05,3407.000,3436.000,3396.000,3400.000,664826,1063900,3416.000
2011-09-06,3390.000,3395.000,3360.000,3378.000,549430,1052300,3375.000
2011-09-07,3380.000,3404.000,3376.000,3402.000,410378,1094208,3389.000
2011-09-08,3391.000,3395.000,3371.000,3373.000,443954,1132600,3380.000
2011-09-09,3370.000,3386.000,3366.000,3385.000,362188,0,3378.000
2011-09-13,3350.000,3352.000,3315.000,3318.000,539126,1128900,3326.000
2011-09-14,3320.000,3329.000,3271.000,3277.000,566336,1064400,3297.000
2011-09-15,3283.000,3290.000,3268.000,3284.000,322826,1066100,3282.000
2011-09-16,3252.000,3272.000,3251.000,3270.000,338882,1061874,3261.000
2011-09-19,3255.000,3258.000,3218.000,3221.000,365548,1067300,3233.000
2011-09-20,3238.000,3248.000,3230.000,3234.000,404834,1100070,3240.000
2011-09-21,3221.000,3237.000,3203.000,3228.000,381608,1130502,3222.000
2011-09-22,3174.000,3187.000,3130.000,3162.000,507444,1136678,3168.000
2011-09-23,3110.000,3133.000,3015.000,3079.000,864288,971414,3085.000
2011-09-26,3066.000,3083.000,2990.000,3012.000,831574,872218,3039.000
2011-09-27,3079.000,3088.000,3059.000,3082.000,449726,857302,3073.000
2011-09-28,3052.000,3055.000,3017.000,3041.000,404660,826642,3039.000
2011-09-29,2950.000,2997.000,2927.000,2987.000,487140,716906,2970.000
2011-09-30,3001.000,3036.000,3001.000,3030.000,300284,711774,3023.000
2011-10-10,2935.000,2982.000,2932.000,2954.000,598528,858690,2960.000
2011-10-11,2968.000,2985.000,2922.000,2929.000,666018,948682,2959.000
2011-10-12,2989.000,3020.000,2964.000,3010.000,893144,833964,2993.000
2011-10-13,3020.000,3035.000,3005.000,3025.000,552994,850242,3021.000
2011-10-14,3055.000,3058.000,3036.000,3048.000,425284,823656,3047.000
2011-10-17,3058.000,3060.000,3038.000,3042.000,309556,805526,3046.000
2011-10-18,3022.000,3023.000,2982.000,2988.000,420230,771256,3001.000
2011-10-19,3010.000,3022.000,2988.000,3007.000,402946,753410,3008.000
2011-10-20,2961.000,2965.000,2929.000,2959.000,581690,715832,2945.000
2011-10-21,2976.000,3009.000,2975.000,3006.000,342452,712782,2992.000
2011-10-24,2996.000,3047.000,2981.000,3027.000,675954,736076,3013.000
2011-10-25,3026.000,3044.000,3015.000,3021.000,475998,740204,3028.000
2011-10-26,3013.000,3027.000,3003.000,3018.000,286866,727678,3015.000
2011-10-27,3000.000,3046.000,3000.000,3041.000,633022,853948,3029.000
2011-10-28,3060.000,3066.000,3014.000,3016.000,504480,846080,3036.000
2011-10-31,3010.000,3013.000,2966.000,2970.000,382790,848116,2984.000
2011-11-01,2983.000,2993.000,2968.000,2973.000,325686,831036,2979.000
2011-11-02,2950.000,2992.000,2947.000,2992.000,394638,832346,2965.000
2011-11-03,2968.000,2986.000,2960.000,2966.000,434774,856362,2970.000
2011-11-04,2999.000,3007.000,2987.000,2996.000,411652,873220,2997.000
2011-11-07,2992.000,2995.000,2959.000,2968.000,311202,821728,2970.000
2011-11-08,2965.000,2968.000,2940.000,2953.000,276682,827206,2953.000
2011-11-09,2964.000,2968.000,2948.000,2949.000,213784,823402,2957.000
2011-11-10,2918.000,2918.000,2873.000,2892.000,421080,805760,2898.000
2011-11-11,2888.000,2906.000,2881.000,2890.000,354018,877284,2893.000
2011-11-14,2910.000,2923.000,2899.000,2915.000,452950,897502,2911.000
2011-11-15,2898.000,2928.000,2886.000,2908.000,342962,886938,2903.000
2011-11-16,2922.000,2925.000,2884.000,2887.000,302672,898296,2901.000
2011-11-17,2884.000,2903.000,2876.000,2889.000,298272,898860,2889.000
2011-11-18,2851.000,2869.000,2850.000,2863.000,192110,889386,2861.000
2011-11-21,2859.000,2871.000,2848.000,2850.000,212142,881342,2859.000
2011-11-22,2829.000,2838.000,2796.000,2800.000,468174,910026,2812.000
2011-11-23,2807.000,2811.000,2784.000,2795.000,354264,852056,2796.000
2011-11-24,2780.000,2780.000,2738.000,2758.000,462914,811236,2759.000
2011-11-25,2740.000,2767.000,2740.000,2757.000,336802,785210,2757.000
2011-11-28,2775.000,2787.000,2772.000,2781.000,245476,751534,2779.000
2011-11-29,2785.000,2799.000,2780.000,2794.000,221286,728948,2789.000
2011-11-30,2798.000,2799.000,2770.000,2771.000,167770,713058,2781.000
2011-12-01,2818.000,2840.000,2813.000,2830.000,278596,674206,2823.000
2011-12-05,2823.000,2823.000,2814.000,2816.000,95054,684100,2817.000
2011-12-06,2800.000,2804.000,2784.000,2792.000,116916,694384,2791.000
2011-12-07,2802.000,2810.000,2795.000,2808.000,99568,679466,2802.000
2011-12-08,2800.000,2801.000,2776.000,2792.000,169696,683772,2788.000
2011-12-09,2815.000,2846.000,2811.000,2832.000,224746,472194,2835.000
2011-12-12,2812.000,2824.000,2788.000,2789.000,219846,502638,2808.000
2011-12-13,2794.000,2804.000,2786.000,2787.000,192790,500100,2795.000
2011-12-14,2788.000,2802.000,2787.000,2800.000,122672,490814,2796.000
2011-12-15,2774.000,2820.000,2772.000,2813.000,291618,508880,2800.000
2011-12-16,2816.000,2832.000,2813.000,2832.000,225038,511382,2821.000
2011-12-19,2846.000,2874.000,2841.000,2869.000,414386,531366,2857.000
2011-12-20,2869.000,2872.000,2853.000,2865.000,279316,540576,2863.000
2011-12-21,2876.000,2884.000,2857.000,2858.000,268422,547714,2869.000
2011-12-22,2866.000,2878.000,2864.000,2877.000,242276,534358,2872.000
2011-12-23,2880.000,2895.000,2877.000,2892.000,208764,526582,2888.000
2011-12-26,2894.000,2896.000,2879.000,2883.000,177988,525038,2886.000
2011-12-27,2885.000,2891.000,2879.000,2884.000,173780,533026,2884.000
2011-12-28,2915.000,2950.000,2911.000,2948.000,445308,552604,2935.000
2011-12-29,2937.000,2957.000,2935.000,2944.000,329594,533466,2948.000
2011-12-30,2943.000,2951.000,2937.000,2951.000,204226,495042,2945.000
2012-01-04,2972.000,2980.000,2964.000,2970.000,227352,510456,2971.000
2012-01-05,2975.000,2975.000,2954.000,2963.000,275404,512926,2964.000
2012-01-06,2940.000,2948.000,2935.000,2947.000,211140,521634,2940.000
2012-01-09,2941.000,2949.000,2928.000,2942.000,224392,521452,2938.000
2012-01-10,2969.000,2994.000,2968.000,2983.000,311038,519050,2981.000
2012-01-11,2975.000,2982.000,2965.000,2976.000,163234,517996,2973.000
2012-01-12,2942.000,2948.000,2935.000,2947.000,221864,541124,2941.000
2012-01-13,2921.000,2929.000,2910.000,2913.000,289144,567416,2918.000
2012-01-16,2882.000,2886.000,2870.000,2873.000,255018,590288,2878.000
2012-01-17,2890.000,2909.000,2883.000,2909.000,274952,612538,2893.000
2012-01-18,2908.000,2914.000,2892.000,2893.000,196024,591754,2902.000
2012-01-19,2904.000,2924.000,2896.000,2912.000,176672,562292,2904.000
2012-01-20,2922.000,2950.000,2918.000,2949.000,177668,566712,2932.000
2012-01-30,2953.000,2964.000,2947.000,2956.000,195850,557848,2955.000
2012-01-31,2933.000,2946.000,2930.000,2943.000,188454,592306,2940.000
2012-02-01,2951.000,2982.000,2949.000,2970.000,383130,639476,2967.000
2012-02-02,2979.000,2993.000,2968.000,2975.000,334920,672984,2980.000
2012-02-03,2981.000,2987.000,2969.000,2971.000,250072,673376,2977.000
2012-02-06,2995.000,3034.000,2992.000,3032.000,495018,730932,3018.000
2012-02-07,3024.000,3043.000,3010.000,3015.000,438000,709522,3026.000
2012-02-08,3022.000,3039.000,3013.000,3038.000,510496,760520,3025.000
2012-02-09,3023.000,3030.000,3012.000,3017.000,412092,785072,3021.000
2012-02-10,3005.000,3009.000,2976.000,2984.000,384016,790358,2989.000
2012-02-13,3000.000,3021.000,2997.000,3018.000,407776,805634,3010.000
2012-02-14,3041.000,3051.000,3028.000,3029.000,474862,796614,3039.000
2012-02-15,3040.000,3045.000,3025.000,3025.000,325758,774540,3034.000
2012-02-16,3035.000,3038.000,3008.000,3025.000,506434,744586,3021.000
2012-02-17,3036.000,3069.000,3033.000,3067.000,699098,811528,3058.000
2012-02-20,3088.000,3095.000,3067.000,3072.000,418966,817220,3077.000
2012-02-21,3073.000,3086.000,3055.000,3082.000,431348,814228,3070.000
2012-02-22,3073.000,3079.000,3061.000,3068.000,346470,798720,3068.000
2012-02-23,3071.000,3078.000,3058.000,3077.000,284436,815642,3065.000
2012-02-24,3075.000,3086.000,3068.000,3078.000,386252,805468,3077.000
2012-02-27,3080.000,3111.000,3079.000,3106.000,439986,847480,3101.000
2012-02-28,3120.000,3136.000,3116.000,3135.000,412646,862734,3124.000
2012-02-29,3144.000,3145.000,3131.000,3138.000,394670,873724,3137.000
2012-03-01,3130.000,3153.000,3116.000,3117.000,632522,812498,3133.000
2012-03-02,3135.000,3160.000,3132.000,3158.000,569264,860822,3148.000
2012-03-05,3166.000,3190.000,3166.000,3184.000,657680,905672,3180.000
2012-03-06,3174.000,3187.000,3170.000,3181.000,535238,923688,3178.000
2012-03-07,3186.000,3194.000,3155.000,3158.000,1027704,918524,3174.000
2012-03-08,3156.000,3171.000,3134.000,3140.000,1124322,861550,3153.000
2012-03-09,3159.000,3198.000,3155.000,3193.000,914452,837914,3176.000
2012-03-12,3173.000,3179.000,3151.000,3174.000,800182,877450,3165.000
2012-03-13,3171.000,3187.000,3168.000,3186.000,689374,883578,3179.000
2012-03-14,3198.000,3221.000,3191.000,3204.000,890826,930764,3208.000
2012-03-15,3215.000,3218.000,3196.000,3209.000,717426,938290,3207.000
2012-03-16,3222.000,3225.000,3194.000,3204.000,667680,939440,3209.000
2012-03-19,3221.000,3225.000,3207.000,3214.000,529510,894226,3215.000
2012-03-20,3205.000,3205.000,3169.000,3170.000,696360,884232,3182.000
2012-03-21,3160.000,3178.000,3160.000,3168.000,480978,861472,3167.000
2012-03-22,3180.000,3188.000,3173.000,3180.000,662296,906514,3180.000
2012-03-23,3198.000,3242.000,3194.000,3240.000,1299288,1111666,3219.000
2012-03-26,3255.000,3263.000,3242.000,3260.000,951856,1127300,3252.000
2012-03-27,3263.000,3281.000,3252.000,3279.000,980782,1234158,3268.000
2012-03-28,3265.000,3299.000,3262.000,3277.000,1486784,1308328,3280.000
2012-03-29,3284.000,3287.000,3256.000,3266.000,1182612,1238510,3270.000
2012-03-30,3255.000,3258.000,3229.000,3244.000,949536,1086190,3240.000
2012-04-05,3318.000,3389.000,3309.000,3384.000,1427086,1285884,3352.000
2012-04-06,3388.000,3414.000,3382.000,3400.000,1629400,1321500,3396.000
2012-04-09,3411.000,3419.000,3386.000,3392.000,1182000,1302900,3398.000
2012-04-10,3388.000,3404.000,3373.000,3401.000,956452,1253800,3390.000
2012-04-11,3370.000,3375.000,3344.000,3350.000,848300,1190246,3356.000
2012-04-12,3345.000,3360.000,3342.000,3356.000,574630,1165334,3352.000
2012-04-13,3400.000,3403.000,3375.000,3382.000,611410,1177400,3386.000
2012-04-16,3345.000,3355.000,3335.000,3347.000,573136,1134800,3343.000
2012-04-17,3347.000,3385.000,3344.000,3384.000,1107570,1304822,3372.000
2012-04-18,3396.000,3403.000,3324.000,3351.000,1878268,1253602,3359.000
2012-04-19,3343.000,3358.000,3335.000,3356.000,872626,1208116,3348.000
2012-04-20,3307.000,3309.000,3282.000,3301.000,876034,777322,3297.000
2012-04-23,3337.000,3354.000,3333.000,3341.000,1026700,853712,3342.000
2012-04-24,3318.000,3352.000,3308.000,3332.000,1627300,994386,3329.000
2012-04-25,3375.000,3378.000,3344.000,3348.000,1426000,1098700,0.000
2012-04-26,3328.000,3337.000,3315.000,3321.000,880434,1049900,0.000
2012-04-27,3378.000,3435.000,3373.000,3423.000,1579100,1213700,3409.000
2012-05-02,3377.000,3383.000,3355.000,3355.000,956082,978488,3364.000
2012-05-03,3421.000,3444.000,3406.000,3418.000,1733100,1307100,3423.000
2012-05-04,3323.000,3360.000,3317.000,3359.000,1335200,1005000,3336.000
2012-05-07,3441.000,3447.000,3395.000,3409.000,1237400,1184800,3412.000
2012-05-08,3312.000,3324.000,3288.000,3294.000,1694000,979704,3307.000
2012-05-09,3270.000,3274.000,3238.000,3242.000,1658700,990414,3254.000
2012-05-10,3255.000,3271.000,3242.000,3265.000,1461600,983060,3256.000
2012-05-11,3275.000,3277.000,3218.000,3226.000,2211500,1003800,3247.000
2012-05-14,3200.000,3203.000,3118.000,3118.000,1782900,871298,3147.000
2012-05-15,3096.000,3137.000,3066.000,3134.000,2249600,865000,3115.000
2012-05-16,3128.000,3144.000,3068.000,3082.000,2826600,1002500,3108.000
2012-05-17,3140.000,3155.000,3102.000,3146.000,2639000,886612,3131.000
2012-05-18,3120.000,3146.000,3106.000,3129.000,2607600,950322,3125.000
2012-05-21,3130.000,3165.000,3118.000,3152.000,2379700,982102,3146.000
2012-05-22,3140.000,3145.000,3126.000,3137.000,1964700,994146,3136.000
2012-05-23,3073.000,3084.000,3058.000,3079.000,2034900,1009700,3073.000
2012-05-24,3091.000,3119.000,3086.000,3117.000,1548172,945712,3101.000
2012-05-25,3109.000,3116.000,3089.000,3107.000,1520406,957234,3104.000
2012-05-28,3118.000,3143.000,3104.000,3137.000,1450712,968156,3124.000
2012-05-29,3131.000,3175.000,3126.000,3174.000,1689700,1008800,3149.000
2012-05-30,3160.000,3180.000,3152.000,3156.000,1532700,972472,3164.000
2012-05-31,3140.000,3161.000,3136.000,3145.000,1393700,1025200,3151.000
2012-06-01,3100.000,3128.000,3098.000,3108.000,1208800,974088,3111.000
2012-06-04,3101.000,3121.000,3060.000,3082.000,2625100,1237800,3082.000
2012-06-05,3102.000,3154.000,3091.000,3141.000,2401400,1130000,3124.000
2012-06-06,3135.000,3196.000,3135.000,3179.000,2149900,1052700,3175.000
2012-06-07,3218.000,3231.000,3199.000,3209.000,1487700,1015400,3214.000
2012-06-08,3231.000,3239.000,3191.000,3223.000,1955200,1054900,3217.000
2012-06-11,3242.000,3304.000,3234.000,3302.000,2009800,1132200,3275.000
2012-06-12,3280.000,3296.000,3267.000,3295.000,1901200,1114300,3283.000
2012-06-13,3300.000,3300.000,3263.000,3267.000,1672500,1109800,3275.000
2012-06-14,3242.000,3250.000,3217.000,3224.000,1662100,1090500,3230.000
2012-06-15,3230.000,3266.000,3226.000,3264.000,1532800,1065200,3253.000
2012-06-18,3270.000,3289.000,3243.000,3267.000,1616400,1097500,3261.000
2012-06-19,3306.000,3367.000,3295.000,3361.000,2521100,1251300,3344.000
2012-06-20,3392.000,3426.000,3380.000,3416.000,2045100,1395600,3398.000
2012-06-21,3390.000,3422.000,3382.000,3417.000,2430700,1464700,3403.000
2012-06-25,3449.000,3538.000,3446.000,3491.000,2860400,1464200,3504.000
2012-06-26,3509.000,3513.000,3474.000,3500.000,2227900,1487200,3489.000
2012-06-27,3489.000,3510.000,3479.000,3485.000,1816600,1465500,3490.000
2012-06-28,3487.000,3491.000,3449.000,3454.000,2165000,1369300,3464.000
2012-06-29,3465.000,3483.000,3436.000,3483.000,1795200,1332900,3464.000
2012-07-02,3530.000,3532.000,3461.000,3470.000,1923900,1368800,3486.000
2012-07-03,3480.000,3493.000,3458.000,3491.000,2397400,1407800,3476.000
2012-07-04,3512.000,3555.000,3502.000,3552.000,2712600,1573600,3534.000
2012-07-05,3550.000,3638.000,3543.000,3634.000,3249700,1711700,3595.000
2012-07-06,3650.000,3656.000,3606.000,3621.000,2844354,1716538,3627.000
2012-07-09,3635.000,3754.000,3627.000,3752.000,4307634,1962606,3697.000
2012-07-10,3732.000,3757.000,3704.000,3747.000,3699400,2037200,3734.000
2012-07-11,3745.000,3878.000,3695.000,3721.000,7363376,1882632,3768.000
2012-07-12,3690.000,3702.000,3651.000,3668.000,3895500,1876300,3675.000
2012-07-13,3705.000,3775.000,3702.000,3771.000,4066192,1975760,3732.000
2012-07-16,3881.000,3881.000,3850.000,3881.000,1358656,2109882,3876.000
2012-07-17,3932.000,3952.000,3751.000,3838.000,5107070,1951086,3847.000
2012-07-18,3876.000,3908.000,3837.000,3891.000,4903664,2091592,3868.000
2012-07-19,3934.000,3947.000,3891.000,3945.000,3778866,2037774,3924.000
2012-07-20,3932.000,3999.000,3911.000,3997.000,3812526,2186350,3962.000
2012-07-23,3948.000,3966.000,3873.000,3961.000,4017616,2074366,3935.000
2012-07-24,3778.000,3838.000,3778.000,3791.000,3586408,1843406,3806.000
2012-07-25,3750.000,3831.000,3737.000,3744.000,4772058,1763770,3796.000
2012-07-26,3799.000,3799.000,3752.000,3787.000,3584050,1881122,3777.000
2012-07-27,3768.000,3820.000,3745.000,3813.000,3320266,1924754,3778.000
2012-07-30,3900.000,3929.000,3880.000,3929.000,1551300,2028100,3918.000
2012-07-31,3918.000,4007.000,3910.000,4003.000,3689814,2257532,3968.000
2012-08-01,4002.000,4048.000,3967.000,3974.000,4122746,2221546,4012.000
2012-08-02,3948.000,3982.000,3918.000,3952.000,4863714,2302538,3950.000
2012-08-03,3930.000,3986.000,3888.000,3926.000,5037830,2346640,3939.000
2012-08-06,3900.000,3909.000,3842.000,3869.000,3455168,2270588,3863.000
2012-08-07,3866.000,3914.000,3830.000,3912.000,4475904,2453854,3867.000
2012-08-08,3879.000,3886.000,3830.000,3835.000,3819214,2227580,3857.000
2012-08-09,3865.000,3884.000,3842.000,3861.000,3144608,2138420,3864.000
2012-08-10,3937.000,3942.000,3900.000,3921.000,3047880,2197404,3921.000
2012-08-13,3905.000,3910.000,3868.000,3868.000,2309012,2204600,3887.000
2012-08-14,3842.000,3871.000,3817.000,3870.000,2978500,2241900,3842.000
2012-08-15,3861.000,3938.000,3856.000,3927.000,3520554,2374892,3901.000
2012-08-16,3941.000,3948.000,3884.000,3888.000,2617216,2255654,3908.000
2012-08-17,3896.000,3915.000,3875.000,3900.000,2010334,2217714,3896.000
2012-08-20,3915.000,3969.000,3914.000,3956.000,2860252,2404998,3950.000
2012-08-21,4000.000,4096.000,4000.000,4088.000,3483306,2569800,4057.000
2012-08-22,4111.000,4144.000,4098.000,4134.000,2820540,2532816,4122.000
2012-08-23,4151.000,4185.000,4116.000,4130.000,3298936,2493600,4146.000
2012-08-24,4110.000,4189.000,4105.000,4187.000,2734652,2612452,4157.000
2012-08-27,4230.000,4290.000,4215.000,4237.000,3196404,2545154,4249.000
2012-08-28,4200.000,4230.000,4188.000,4202.000,2693300,2541200,4207.000
2012-08-29,4215.000,4263.000,4196.000,4260.000,2968380,2572396,4227.000
2012-08-30,4270.000,4287.000,4217.000,4262.000,3170010,2520434,4255.000
2012-08-31,4245.000,4253.000,4212.000,4235.000,2967250,2643374,4229.000
2012-09-03,4253.000,4361.000,4244.000,4341.000,3112052,2573612,4313.000
2012-09-04,4336.000,4369.000,4323.000,4366.000,2151336,2485108,4346.000
2012-09-05,4321.000,4335.000,4307.000,4312.000,1727916,2391172,4319.000
2012-09-06,4253.000,4257.000,4201.000,4237.000,1899362,2349262,4237.000
2012-09-07,4255.000,4275.000,4205.000,4212.000,1992032,2322130,4246.000
2012-09-10,4205.000,4251.000,4190.000,4238.000,1574700,2309800,4227.000
2012-09-11,4210.000,4239.000,4152.000,4170.000,2463206,2223028,4185.000
2012-09-12,4159.000,4210.000,4155.000,4201.000,2000566,2226770,4185.000
2012-09-13,4255.000,4275.000,4215.000,4219.000,1696800,2155100,4249.000
2012-09-14,4250.000,4300.000,4231.000,4249.000,1606458,2122522,4254.000
2012-09-17,4203.000,4210.000,4075.000,4083.000,2460894,2186828,4143.000
2012-09-18,4008.000,4050.000,3983.000,4002.000,2713544,2063482,4020.000
2012-09-19,4048.000,4065.000,4010.000,4040.000,2018448,2059056,4032.000
2012-09-20,4052.000,4075.000,4001.000,4037.000,2773738,2087850,4042.000
2012-09-21,3990.000,4020.000,3971.000,4013.000,2356428,2113874,3997.000
2012-09-24,3976.000,3979.000,3897.000,3961.000,3159918,2094940,3936.000
2012-09-25,3990.000,4020.000,3972.000,4000.000,1914810,2053988,3997.000
2012-09-26,3978.000,3995.000,3961.000,3969.000,1358190,2001288,3975.000
2012-09-27,3934.000,3981.000,3934.000,3970.000,1296498,1843012,3956.000
2012-09-28,3978.000,3991.000,3946.000,3984.000,1117478,0,3965.000
2012-10-08,3951.000,3962.000,3877.000,3878.000,1904024,1804112,3904.000
2012-10-09,3905.000,3916.000,3878.000,3897.000,1853574,1801940,3899.000
2012-10-10,3861.000,3865.000,3822.000,3835.000,1779530,1843358,3838.000
2012-10-11,3808.000,3879.000,3808.000,3839.000,2040306,1817070,3848.000
2012-10-12,3851.000,3868.000,3781.000,3782.000,2321642,1767490,3825.000
2012-10-15,3712.000,3759.000,3678.000,3684.000,2030806,1732888,3713.000
2012-10-16,3708.000,3723.000,3686.000,3713.000,1819568,1705322,3706.000
2012-10-17,3680.000,3718.000,3656.000,3712.000,1978450,1816894,3688.000
2012-10-18,3729.000,3773.000,3724.000,3769.000,1795350,1682474,3752.000
2012-10-19,3788.000,3798.000,3756.000,3785.000,1359550,1688342,3775.000
2012-10-22,3788.000,3835.000,3779.000,3828.000,1611354,1648878,3812.000
2012-10-23,3826.000,3831.000,3746.000,3750.000,1968706,1796066,3781.000
2012-10-24,3793.000,3826.000,3782.000,3809.000,1681646,1689478,3805.000
2012-10-25,3810.000,3819.000,3773.000,3790.000,1447610,1691158,3793.000
2012-10-26,3785.000,3807.000,3757.000,3796.000,1164876,1652704,3783.000
2012-10-29,3780.000,3780.000,3726.000,3740.000,1358726,1664774,3742.000
2012-10-30,3728.000,3753.000,3713.000,3745.000,876546,1618322,3730.000
2012-10-31,3745.000,3769.000,3732.000,3768.000,611400,1566700,3747.000
2012-11-01,3770.000,3850.000,3766.000,3845.000,986704,1483000,3813.000
2012-11-02,3820.000,3825.000,3792.000,3808.000,617376,1422300,3807.000
2012-11-05,3743.000,3781.000,3738.000,3767.000,530838,1412550,3760.000
2012-11-06,3382.000,3446.000,3377.000,3434.000,2447962,1423124,3415.000
2012-11-07,3782.000,3797.000,3762.000,3766.000,480512,1376800,3778.000
2012-11-08,3754.000,3769.000,3733.000,3761.000,538926,1371800,3749.000
2012-11-09,3742.000,3763.000,3728.000,3733.000,420210,1346852,3745.000
2012-11-12,3633.000,3648.000,3596.000,3596.000,639266,1278278,3608.000
2012-11-13,3202.000,3215.000,3154.000,3179.000,2889946,1350788,3181.000
2012-11-14,3186.000,3218.000,3173.000,3214.000,1980992,1354890,3198.000
2012-11-15,3204.000,3213.000,3134.000,3141.000,2717968,1541004,3182.000
2012-11-16,3142.000,3164.000,3122.000,3133.000,2982414,1482566,3137.000
2012-11-19,3145.000,3179.000,3143.000,3174.000,1955744,1452130,3166.000
2012-11-20,3176.000,3185.000,3129.000,3142.000,2527456,1451796,3147.000
2012-11-21,3176.000,3192.000,3161.000,3191.000,2399410,1469180,3176.000
2012-11-22,3188.000,3207.000,3170.000,3188.000,2574960,1377134,3188.000
2012-11-23,3184.000,3238.000,3181.000,3234.000,2582644,1441644,3212.000
2012-11-26,3227.000,3240.000,3209.000,3212.000,1669496,1429004,3223.000
2012-11-27,3226.000,3245.000,3223.000,3224.000,1535698,1411854,3232.000
2012-11-28,3245.000,3265.000,3241.000,3257.000,1796400,1400500,3254.000
2012-11-29,3261.000,3266.000,3233.000,3253.000,1877338,1435434,3246.000
2012-11-30,3250.000,3253.000,3212.000,3231.000,2189178,1426132,3233.000
2012-12-03,3246.000,3299.000,3241.000,3285.000,1574978,1438388,3277.000
2012-12-04,3280.000,3285.000,3250.000,3276.000,1382752,1445298,3266.000
2012-12-05,3285.000,3308.000,3279.000,3303.000,1765486,1455802,3294.000
2012-12-06,3329.000,3373.000,3324.000,3352.000,2449584,1384698,3349.000
2012-12-07,3350.000,3399.000,3344.000,3398.000,2036022,1446720,3372.000
2012-12-10,3360.000,3385.000,3352.000,3375.000,1813398,1375114,3366.000
2012-12-11,3390.000,3421.000,3385.000,3413.000,1928540,1318372,3410.000
2012-12-12,3405.000,3419.000,3383.000,3391.000,2133338,1374648,3400.000
2012-12-13,3410.000,3414.000,3379.000,3393.000,1420558,1343058,3394.000
2012-12-14,3403.000,3457.000,3395.000,3456.000,1859516,1363816,3428.000
2012-12-17,3470.000,3525.000,3469.000,3497.000,1798962,1348220,3501.000
2012-12-18,3490.000,3499.000,3455.000,3467.000,1847748,1317380,3471.000
2012-12-19,3433.000,3437.000,3394.000,3419.000,1883460,1264802,3416.000
2012-12-20,3368.000,3371.000,3352.000,3358.000,1537310,1189376,3360.000
2012-12-21,3337.000,3372.000,3334.000,3347.000,1783334,1149434,3354.000
2012-12-24,3365.000,3387.000,3348.000,3349.000,1283354,1169348,3371.000
2012-12-25,3355.000,3357.000,3315.000,3318.000,1948344,1219118,3335.000
2012-12-26,3316.000,3358.000,3309.000,3333.000,2280378,1270114,3339.000
2012-12-27,3315.000,3370.000,3306.000,3368.000,2155590,1391796,3344.000
2012-12-28,3362.000,3374.000,3332.000,3336.000,1649790,1257114,3351.000
2012-12-31,3332.000,3346.000,3272.000,3276.000,1575052,1226466,3308.000
2013-01-04,3240.000,3257.000,3220.000,3248.000,1311346,1201284,3241.000
2013-01-07,3215.000,3285.000,3206.000,3267.000,1810436,1100488,3253.000
2013-01-08,3279.000,3303.000,3260.000,3291.000,1351690,1102400,3279.000
2013-01-09,3296.000,3325.000,3270.000,3272.000,1728826,1120312,3299.000
2013-01-10,3275.000,3295.000,3258.000,3268.000,1051954,1118922,3273.000
2013-01-11,3268.000,3281.000,3247.000,3258.000,1067110,1088094,3261.000
2013-01-14,3302.000,3365.000,3302.000,3361.000,1560488,1074458,3338.000
2013-01-15,3386.000,3396.000,3354.000,3368.000,1293644,1044622,3377.000
2013-01-16,3376.000,3410.000,3358.000,3405.000,1477564,1136056,3384.000
2013-01-17,3425.000,3433.000,3374.000,3381.000,1498400,1040300,3408.000
2013-01-18,3400.000,3400.000,3370.000,3376.000,1466602,1034664,3384.000
2013-01-21,3373.000,3412.000,3373.000,3388.000,1052006,1064476,3392.000
2013-01-22,3390.000,3432.000,3386.000,3426.000,1179240,1096274,3407.000
2013-01-23,3435.000,3440.000,3419.000,3432.000,852302,1050194,3429.000
2013-01-24,3403.000,3407.000,3353.000,3358.000,1062920,971170,3377.000
2013-01-25,3383.000,3395.000,3375.000,3383.000,717742,979808,3386.000
2013-01-28,3407.000,3436.000,3405.000,3429.000,734794,1006064,3421.000
2013-01-29,3425.000,3430.000,3411.000,3419.000,435944,974552,3419.000
2013-01-30,3415.000,3492.000,3415.000,3484.000,1067268,1043732,3464.000
2013-01-31,3520.000,3532.000,3498.000,3508.000,896800,983882,3514.000
2013-02-01,3500.000,3526.000,3473.000,3521.000,804300,974548,3496.000
2013-02-04,3531.000,3531.000,3501.000,3503.000,508602,927216,3512.000
2013-02-05,3517.000,3537.000,3503.000,3512.000,537878,898308,3518.000
2013-02-06,3526.000,3543.000,3518.000,3532.000,519326,894070,3530.000
2013-02-07,3531.000,3533.000,3503.000,3519.000,324298,827840,3513.000
2013-02-08,3366.000,3398.000,3360.000,3374.000,599632,778724,3378.000
2013-02-18,3270.000,3295.000,3236.000,3286.000,674566,835164,3277.000
2013-02-19,3290.000,3314.000,3290.000,3307.000,932602,896256,3304.000
2013-02-20,3338.000,3363.000,3327.000,3344.000,1259694,924068,3344.000
2013-02-21,3335.000,3357.000,3307.000,3351.000,1683078,996568,3330.000
2013-02-22,3359.000,3463.000,3356.000,3452.000,3155576,1334340,3418.000
2013-02-25,3401.000,3411.000,3290.000,3360.000,3839042,1185340,3358.000
2013-02-26,3346.000,3410.000,3313.000,3317.000,4639790,1130848,3356.000
2013-02-27,3347.000,3368.000,3322.000,3337.000,2795144,1153572,3343.000
2013-02-28,3364.000,3377.000,3336.000,3349.000,2226056,1137710,3358.000
2013-03-01,3358.000,3401.000,3352.000,3388.000,3009618,1214038,3377.000
2013-03-04,3373.000,3392.000,3358.000,3365.000,1920954,1135876,3376.000
2013-03-05,3400.000,3431.000,3390.000,3413.000,2839936,1240040,3413.000
2013-03-06,3400.000,3418.000,3377.000,3398.000,2393520,1255170,3395.000
2013-03-07,3398.000,3412.000,3386.000,3402.000,1722716,1257368,3397.000
2013-03-08,3411.000,3435.000,3409.000,3422.000,2087168,1307800,3421.000
2013-03-11,3421.000,3429.000,3386.000,3387.000,2058170,1335808,3410.000
2013-03-12,3404.000,3405.000,3340.000,3343.000,2685556,1394408,3363.000
2013-03-13,3351.000,3356.000,3314.000,3343.000,2447658,1431964,3337.000
2013-03-14,3310.000,3310.000,3261.000,3273.000,2995566,1539114,3283.000
2013-03-15,3290.000,3314.000,3276.000,3288.000,2203366,1475724,3290.000
2013-03-18,3233.000,3236.000,3177.000,3202.000,2283918,1564496,3204.000
2013-03-19,3216.000,3224.000,3200.000,3210.000,1302418,1465724,3210.000
2013-03-20,3201.000,3257.000,3200.000,3253.000,2141134,1519196,3236.000
2013-03-21,3268.000,3298.000,3265.000,3283.000,1185658,1421212,3283.000
2013-03-22,3290.000,3298.000,3262.000,3267.000,1442772,1428132,3276.000
2013-03-25,3260.000,3275.000,3242.000,3258.000,1322614,1481918,3259.000
2013-03-26,3265.000,3282.000,3258.000,3275.000,1214116,1448038,3270.000
2013-03-27,3286.000,3296.000,3274.000,3291.000,1124606,1438246,3283.000
2013-03-28,3305.000,3312.000,3281.000,3285.000,1733102,1412718,3296.000
2013-03-29,3188.000,3233.000,3180.000,3229.000,2116848,1506092,3215.000
2013-04-01,3218.000,3230.000,3189.000,3195.000,1516670,1506912,3208.000
2013-04-02,3202.000,3224.000,3172.000,3205.000,1901296,1498228,3200.000
2013-04-03,3178.000,3178.000,3123.000,3130.000,3072066,1803160,3138.000
2013-04-08,3060.000,3117.000,3051.000,3113.000,2581546,1876026,3088.000
2013-04-09,3110.000,3146.000,3106.000,3114.000,2227414,1961982,3124.000
2013-04-10,3131.000,3145.000,3118.000,3138.000,1757420,1932160,3132.000
2013-04-11,3120.000,3129.000,3092.000,3114.000,2491442,2018508,3110.000
2013-04-12,3128.000,3158.000,3121.000,3157.000,2015636,1869714,3137.000
2013-04-15,3135.000,3144.000,3105.000,3133.000,2317544,1950120,3119.000
2013-04-16,3098.000,3143.000,3076.000,3138.000,2359718,1910324,3113.000
2013-04-17,3150.000,3171.000,3139.000,3167.000,1855232,1865892,3156.000
2013-04-18,3155.000,3206.000,3141.000,3196.000,2532340,1917902,3179.000
2013-04-19,3193.000,3227.000,3184.000,3186.000,2286224,1885714,3208.000
2013-04-22,3172.000,3180.000,3140.000,3143.000,1673838,1835314,3163.000
2013-04-23,3143.000,3157.000,3126.000,3155.000,1759494,1794166,3144.000
2013-04-24,3140.000,3157.000,3097.000,3107.000,2292500,1780400,3123.000
2013-04-25,3099.000,3150.000,3093.000,3149.000,1707264,1744654,3124.000
2013-04-26,3180.000,3194.000,3153.000,3172.000,1483428,1586396,3173.000
2013-05-02,3161.000,3214.000,3156.000,3212.000,1592878,1707692,3190.000
2013-05-03,3205.000,3222.000,3190.000,3193.000,1720054,1688942,3205.000
2013-05-06,3193.000,3215.000,3175.000,3206.000,1964374,1645906,3198.000
2013-05-07,3178.000,3195.000,3176.000,3190.000,947798,1638082,3187.000
2013-05-08,3196.000,3256.000,3196.000,3243.000,2036290,1740700,3235.000
2013-05-09,3240.000,3247.000,3230.000,3246.000,1053548,1693570,3239.000
2013-05-10,3269.000,3278.000,3247.000,3263.000,1322426,1593204,3259.000
2013-05-13,3245.000,3282.000,3216.000,3217.000,1906218,1643470,3254.000
2013-05-14,3249.000,3272.000,3239.000,3265.000,1905386,1643648,3258.000
2013-05-15,3268.000,3278.000,3238.000,3249.000,1307728,1574936,3255.000
2013-05-16,3246.000,3269.000,3223.000,3249.000,1350096,1552522,3248.000
2013-05-17,3275.000,3295.000,3267.000,3282.000,1308260,1532900,3282.000
2013-05-20,3320.000,3322.000,3297.000,3303.000,1077270,1439342,3308.000
2013-05-21,3323.000,3334.000,3303.000,3319.000,1200702,1464884,3320.000
2013-05-22,3326.000,3327.000,3306.000,3321.000,912298,1494406,3318.000
2013-05-23,3345.000,3356.000,3335.000,3336.000,1331846,1484426,3345.000
2013-05-24,3324.000,3342.000,3315.000,3333.000,1084594,1468752,3330.000
2013-05-27,3303.000,3323.000,3303.000,3320.000,711058,1465700,3316.000
2013-05-28,3328.000,3330.000,3310.000,3328.000,567304,1484200,3320.000
2013-05-29,3358.000,3427.000,3350.000,3387.000,2393114,1387368,3396.000
2013-05-30,3171.000,3199.000,3156.000,3192.000,2057378,1382028,3183.000
2013-05-31,3403.000,3435.000,3396.000,3434.000,1077488,1358140,3417.000
2013-06-03,3230.000,3307.000,3230.000,3293.000,3057502,1554684,3281.000
2013-06-04,3548.000,3548.000,3504.000,3527.000,1790312,1285696,3524.000
2013-06-05,3242.000,3280.000,3230.000,3266.000,2399618,1292534,3261.000
2013-06-06,3222.000,3246.000,3202.000,3227.000,1846868,1318482,3226.000
2013-06-07,3246.000,3254.000,3217.000,3233.000,1263910,0,3232.000
2013-06-13,3239.000,3244.000,3202.000,3216.000,1013164,1197192,3218.000
2013-06-14,3200.000,3238.000,3182.000,3238.000,1507298,1380502,3211.000
2013-06-17,3192.000,3233.000,3174.000,3214.000,2431918,1517136,3205.000
2013-06-18,3222.000,3250.000,3213.000,3220.000,2026932,1521864,3231.000
2013-06-19,3210.000,3226.000,3201.000,3210.000,1295616,1487124,3214.000
2013-06-20,3232.000,3239.000,3210.000,3217.000,1547916,1479880,3224.000
2013-06-21,3182.000,3203.000,3138.000,3139.000,2335446,1412386,3168.000
2013-06-24,3121.000,3141.000,3102.000,3114.000,1652830,1296800,3118.000
2013-06-25,3150.000,3165.000,3132.000,3161.000,1889610,1311468,3147.000
2013-06-26,3159.000,3168.000,3139.000,3150.000,1422790,1350788,3153.000
2013-06-27,3150.000,3190.000,3142.000,3178.000,1727662,1434150,3169.000
2013-06-28,3170.000,3190.000,3145.000,3154.000,1611074,1371608,3162.000
2013-07-01,3100.000,3124.000,3092.000,3115.000,1507396,1472060,3113.000
2013-07-02,3094.000,3147.000,3091.000,3139.000,1769924,1544374,3125.000
2013-07-03,3135.000,3177.000,3132.000,3172.000,1426288,1584592,3154.000
2013-07-04,3166.000,3184.000,3159.000,3166.000,1130046,1584614,3171.000
2013-07-05,3164.000,3187.000,3160.000,3181.000,1092752,1536590,3175.000
2013-07-08,3150.000,3161.000,3120.000,3140.000,1431860,1546834,3138.000
2013-07-09,3181.000,3243.000,3179.000,3234.000,2673788,1755090,3217.000
2013-07-10,3258.000,3267.000,3226.000,3241.000,2010824,1654576,3243.000
2013-07-11,3255.000,3264.000,3231.000,3252.000,1482864,1620680,3250.000
2013-07-12,3268.000,3294.000,3254.000,3254.000,1818722,1694358,3270.000
2013-07-15,3209.000,3231.000,3200.000,3230.000,1205818,1648200,3218.000
2013-07-16,3254.000,3268.000,3236.000,3267.000,1290798,1653100,3251.000
2013-07-17,3296.000,3298.000,3270.000,3271.000,1462286,1625392,3283.000
2013-07-18,3250.000,3297.000,3249.000,3295.000,1287182,1727714,3271.000
2013-07-19,3280.000,3292.000,3257.000,3259.000,1829150,1664694,3277.000
2013-07-22,3273.000,3284.000,3235.000,3245.000,1526234,1658868,3252.000
2013-07-23,3279.000,3328.000,3261.000,3324.000,2480026,1855276,3300.000
2013-07-24,3285.000,3305.000,3272.000,3289.000,2241770,1810058,3288.000
2013-07-25,3270.000,3277.000,3245.000,3262.000,1463340,1869200,3260.000
2013-07-26,3200.000,3207.000,3135.000,3156.000,3011344,1796300,3168.000
2013-07-29,3160.000,3164.000,3135.000,3155.000,1521494,1758600,3151.000
2013-07-30,3169.000,3175.000,3146.000,3158.000,1274182,1742000,3162.000
2013-07-31,3120.000,3150.000,3107.000,3148.000,1405364,1736300,3134.000
2013-08-01,3142.000,3170.000,3140.000,3169.000,1278242,1743200,3157.000
2013-08-02,3149.000,3157.000,3137.000,3144.000,1239374,1810400,3146.000
2013-08-05,3123.000,3140.000,3115.000,3136.000,1055900,1832500,3129.000
2013-08-06,3125.000,3150.000,3113.000,3148.000,1527666,1942800,3132.000
2013-08-07,3136.000,3140.000,3116.000,3125.000,1521128,1931300,3129.000
2013-08-08,3132.000,3167.000,3130.000,3154.000,1444490,1852524,3153.000
2013-08-09,3174.000,3201.000,3171.000,3180.000,1566166,1826200,3187.000
2013-08-12,3176.000,3207.000,3175.000,3206.000,1053708,1875200,3193.000
2013-08-13,3260.000,3295.000,3260.000,3282.000,1429252,1822100,3278.000
2013-08-14,3277.000,3295.000,3264.000,3266.000,1073100,1835800,3277.000
2013-08-15,3298.000,3367.000,3297.000,3319.000,2744398,1830700,3333.000
2013-08-16,3366.000,3394.000,3346.000,3356.000,1718362,1784200,3368.000
2013-08-19,3400.000,3411.000,3382.000,3394.000,1287804,1783000,3394.000
2013-08-20,3444.000,3454.000,3386.000,3409.000,2104168,1859600,3413.000
2013-08-21,3402.000,3418.000,3390.000,3408.000,1275442,1905500,3405.000
2013-08-22,3410.000,3444.000,3405.000,3439.000,1718290,1977000,3421.000
2013-08-23,3429.000,3433.000,3408.000,3423.000,1183956,1849600,3419.000
2013-08-26,3555.000,3555.000,3541.000,3555.000,417638,1758300,3554.000
2013-08-27,3620.000,3677.000,3610.000,3676.000,2755632,1801200,3646.000
2013-08-28,3660.000,3686.000,3647.000,3649.000,2106982,1767200,3664.000
2013-08-29,3670.000,3673.000,3561.000,3622.000,2706444,1676800,3630.000
2013-08-30,3599.000,3605.000,3523.000,3556.000,2855704,1560306,3555.000
2013-09-02,3560.000,3660.000,3560.000,3658.000,2061058,1774198,3627.000
2013-09-03,3679.000,3686.000,3612.000,3649.000,2340474,1776470,3642.000
2013-09-04,3612.000,3619.000,3576.000,3609.000,2526334,1695862,3598.000
2013-09-05,3585.000,3628.000,3563.000,3582.000,2720732,1745302,3590.000
2013-09-06,3618.000,3655.000,3609.000,3652.000,2381752,1907200,3627.000
2013-09-09,3658.000,3678.000,3621.000,3636.000,2221350,1889230,3645.000
2013-09-10,3590.000,3615.000,3578.000,3581.000,2166878,1888240,3593.000
2013-09-11,3606.000,3635.000,3574.000,3633.000,2231024,1979726,3604.000
2013-09-12,3636.000,3658.000,3617.000,3628.000,2785280,1969772,3635.000
2013-09-13,3720.000,3738.000,3695.000,3723.000,3105310,2196810,3718.000
2013-09-16,3675.000,3678.000,3625.000,3633.000,1979280,1945660,3651.000
2013-09-17,3611.000,3634.000,3593.000,3633.000,1751822,1966138,3617.000
2013-09-18,3605.000,3639.000,3605.000,3629.000,1319340,1965692,3621.000
2013-09-23,3560.000,3597.000,3550.000,3585.000,1308930,1931900,3579.000
2013-09-24,3605.000,3631.000,3594.000,3630.000,1501870,2033100,3620.000
2013-09-25,3631.000,3669.000,3621.000,3648.000,1354434,2013600,3645.000
2013-09-26,3658.000,3673.000,3642.000,3659.000,1156164,1906400,3656.000
2013-09-27,3656.000,3700.000,3648.000,3692.000,1579366,1918248,3681.000
2013-09-30,3685.000,3716.000,3675.000,3711.000,1047114,1893400,3694.000
2013-10-03,3711.000,3711.000,3711.000,3711.000,1047100,1893400,3694.000
2013-10-08,3720.000,3782.000,3718.000,3757.000,1288402,1978800,3764.000
2013-10-09,3731.000,3765.000,3723.000,3746.000,1229486,2071502,3745.000
2013-10-10,3755.000,3771.000,3708.000,3710.000,1422488,1930500,3741.000
2013-10-11,3699.000,3706.000,3653.000,3655.000,1510140,1882900,3678.000
2013-10-14,3633.000,3660.000,3628.000,3631.000,1302642,1812564,3641.000
2013-10-15,3643.000,3653.000,3605.000,3618.000,1308664,1842400,3629.000
2013-10-16,3619.000,3631.000,3592.000,3624.000,1426140,1829476,3614.000
2013-10-17,3642.000,3654.000,3564.000,3596.000,1564154,1763600,3601.000
2013-10-18,3622.000,3636.000,3607.000,3625.000,1053664,1696500,3622.000
2013-10-21,3630.000,3630.000,3581.000,3614.000,1107318,1660100,3600.000
2013-10-22,3618.000,3626.000,3588.000,3589.000,860250,1620900,3607.000
2013-10-23,3594.000,3619.000,3573.000,3611.000,847780,1582200,3598.000
2013-10-24,3630.000,3640.000,3600.000,3638.000,669332,1564300,3618.000
2013-10-25,3625.000,3653.000,3603.000,3608.000,949742,1490208,3629.000
2013-10-28,3600.000,3604.000,3544.000,3580.000,1317712,1529400,3566.000
2013-10-29,3545.000,3576.000,3544.000,3573.000,792872,1468400,3562.000
2013-10-30,3575.000,3590.000,3549.000,3554.000,939902,1403800,3567.000
2013-10-31,3233.000,3255.000,3217.000,3238.000,776896,1376600,3234.000
2013-11-01,3218.000,3235.000,3215.000,3228.000,944044,1451696,3225.000
2013-11-04,3198.000,3229.000,3188.000,3223.000,1590444,1569800,3207.000
2013-11-05,3225.000,3234.000,3208.000,3223.000,931860,1535300,3219.000
2013-11-06,3205.000,3228.000,3204.000,3224.000,873634,1585700,3217.000
2013-11-07,3229.000,3236.000,3217.000,3222.000,811064,1591400,3227.000
2013-11-08,3235.000,3243.000,3218.000,3221.000,806288,1553300,3229.000
2013-11-11,3296.000,3300.000,3264.000,3265.000,1611590,1639300,3283.000
2013-11-12,3268.000,3284.000,3262.000,3281.000,839882,1645900,3273.000
2013-11-13,3295.000,3307.000,3287.000,3296.000,995086,1626800,3297.000
2013-11-14,3285.000,3296.000,3272.000,3276.000,738256,1611900,3280.000
2013-11-15,3283.000,3291.000,3273.000,3280.000,777470,1564600,3282.000
2013-11-18,3240.000,3248.000,3231.000,3238.000,762936,1585900,3239.000
2013-11-19,3249.000,3252.000,3223.000,3226.000,750704,1653100,3239.000
2013-11-21,3237.000,3245.000,3229.000,3237.000,593684,1675400,3238.000
2013-11-22,3250.000,3263.000,3247.000,3261.000,705930,1663700,3255.000
2013-11-25,3300.000,3306.000,3270.000,3272.000,1003700,1667600,3289.000
2013-11-26,3292.000,3297.000,3278.000,3279.000,711552,1627600,3287.000
2013-11-27,3290.000,3335.000,3282.000,3326.000,1676934,1688800,3316.000
2013-11-28,3310.000,3326.000,3310.000,3323.000,667666,1674200,3318.000
2013-11-29,3324.000,3345.000,3323.000,3338.000,874630,1689592,3337.000
2013-12-02,3350.000,3385.000,3345.000,3376.000,1203782,1699200,3367.000
2013-12-03,3350.000,3368.000,3348.000,3355.000,950878,1804800,3357.000
2013-12-04,3359.000,3374.000,3351.000,3369.000,813394,1825700,3363.000
2013-12-05,3375.000,3390.000,3365.000,3368.000,881760,1779400,3378.000
2013-12-06,3374.000,3374.000,3334.000,3347.000,1018682,1717100,3347.000
2013-12-09,3353.000,3384.000,3349.000,3383.000,1008214,1757000,3369.000
2013-12-10,3400.000,3413.000,3373.000,3378.000,1140252,1743900,3392.000
2013-12-11,3375.000,3380.000,3362.000,3377.000,744320,1734500,3371.000
2013-12-12,3378.000,3388.000,3342.000,3347.000,1058922,1684478,3361.000
2013-12-13,3328.000,3334.000,3314.000,3330.000,828286,1654148,3325.000
2013-12-16,3341.000,3364.000,3335.000,3348.000,938428,1659300,3351.000
2013-12-17,3365.000,3395.000,3362.000,3386.000,1231522,1625200,3378.000
2013-12-18,3400.000,3406.000,3382.000,3393.000,989908,1617380,3391.000
2013-12-19,3371.000,3383.000,3366.000,3381.000,765966,1616592,3375.000
2013-12-20,3376.000,3384.000,3358.000,3378.000,743034,1614800,3367.000
2013-12-23,3385.000,3385.000,3362.000,3368.000,944192,1522000,3373.000
2013-12-24,3358.000,3358.000,3318.000,3331.000,1045088,1576300,3336.000
2013-12-25,3340.000,3370.000,3321.000,3370.000,1115434,1534090,3344.000
2013-12-26,3383.000,3384.000,3364.000,3369.000,742530,1508300,3372.000
2013-12-27,3345.000,3389.000,3342.000,3385.000,976832,1510600,3365.000
2013-12-30,3385.000,3434.000,3349.000,3352.000,2432200,1576900,3387.000
2013-12-31,3352.000,3373.000,3350.000,3368.000,1049534,1556822,3362.000
2014-01-02,3346.000,3356.000,3325.000,3354.000,921104,1578400,3340.000
2014-01-03,3322.000,3341.000,3318.000,3338.000,842146,1586900,3330.000
2014-01-06,3340.000,3352.000,3332.000,3343.000,707612,1571400,3342.000
2014-01-07,3352.000,3360.000,3283.000,3284.000,1696288,1681000,3312.000
2014-01-08,3290.000,3302.000,3281.000,3299.000,910726,1684470,3292.000
2014-01-09,3280.000,3358.000,3276.000,3324.000,1014760,1567900,3322.000
2014-01-10,3319.000,3338.000,3295.000,3319.000,983222,1602900,3316.000
2014-01-13,3316.000,3318.000,3285.000,3288.000,926640,1680600,3295.000
2014-01-14,3313.000,3344.000,3310.000,3340.000,1030220,1542000,3326.000
2014-01-15,3350.000,3374.000,3350.000,3372.000,870256,1545000,3364.000
2014-01-17,3380.000,3399.000,3365.000,3372.000,880034,1572500,3379.000
2014-01-20,3382.000,3392.000,3372.000,3389.000,471366,1546700,3382.000
2014-01-21,3386.000,3388.000,3353.000,3365.000,623846,1547500,3366.000
2014-01-22,3310.000,3320.000,3295.000,3309.000,1025344,1536100,3304.000
2014-01-23,3313.000,3315.000,3299.000,3306.000,423826,1527250,0.000
2014-01-24,3300.000,3304.000,3286.000,3296.000,622776,1542200,3294.000
2014-01-27,3312.000,3324.000,3306.000,3318.000,456590,1459148,3316.000
2014-01-28,3320.000,3326.000,3305.000,3307.000,388376,1429300,3312.000
2014-01-29,3302.000,3314.000,3300.000,3306.000,266140,1370900,3306.000
2014-01-30,3291.000,3308.000,3281.000,3308.000,325574,1361100,3295.000
2014-02-07,3381.000,3419.000,3371.000,3393.000,812784,1335076,3390.000
2014-02-10,3401.000,3414.000,3400.000,3409.000,477666,1367300,3407.000
2014-02-11,3391.000,3399.000,3380.000,3385.000,432030,1388300,3386.000
2014-02-12,3406.000,3433.000,3405.000,3429.000,878060,1463100,3421.000
2014-02-13,3407.000,3422.000,3398.000,3417.000,532156,1434672,3410.000
2014-02-14,3450.000,3450.000,3430.000,3446.000,689180,1393300,3439.000
2014-02-17,3432.000,3461.000,3408.000,3413.000,774570,1408800,3432.000
2014-02-18,3416.000,3432.000,3406.000,3418.000,545676,1382400,3418.000
2014-02-19,3445.000,3450.000,3425.000,3432.000,470908,1362150,3434.000
2014-02-20,3428.000,3431.000,3418.000,3424.000,388428,1368634,3425.000
2014-02-21,3425.000,3429.000,3387.000,3391.000,636360,1406800,3402.000
2014-02-24,3269.000,3308.000,3255.000,3301.000,921262,1359300,3284.000
2014-02-25,3306.000,3320.000,3286.000,3293.000,845756,1408800,3300.000
2014-02-26,3313.000,3338.000,3287.000,3300.000,1420150,1366706,3313.000
2014-02-27,3308.000,3321.000,3289.000,3291.000,701426,1393600,3300.000
2014-02-28,3265.000,3274.000,3253.000,3261.000,667256,1383600,3264.000
2014-03-03,3289.000,3305.000,3278.000,3288.000,675486,1381900,3289.000
2014-03-04,3265.000,3279.000,3262.000,3272.000,464486,1383834,3270.000
2014-03-05,3280.000,3294.000,3265.000,3286.000,660584,1389762,3281.000
2014-03-06,3281.000,3301.000,3281.000,3286.000,616164,1394100,3289.000
2014-03-10,3317.000,3321.000,3275.000,3296.000,1370328,1482628,3296.000
2014-03-11,3256.000,3300.000,3253.000,3300.000,895096,1451500,3276.000
2014-03-12,3286.000,3305.000,3272.000,3278.000,770168,1432400,3284.000
2014-03-14,3258.000,3263.000,3225.000,3230.000,916592,1524800,3241.000
2014-03-17,3230.000,3235.000,3195.000,3210.000,1024052,1545012,3209.000
2014-03-18,3220.000,3233.000,3206.000,3227.000,657304,1552500,3220.000
2014-03-19,3248.000,3298.000,3245.000,3296.000,1542694,1565350,3278.000
2014-03-20,3300.000,3359.000,3288.000,3353.000,2020490,1596152,3331.000
2014-03-21,3350.000,3352.000,3312.000,3349.000,1350682,1558600,3328.000
2014-03-24,3327.000,3341.000,3310.000,3332.000,1068468,1598700,3329.000
2014-03-25,3345.000,3410.000,3342.000,3387.000,1970892,1688600,3385.000
2014-03-26,3382.000,3399.000,3366.000,3379.000,1034792,1648700,3379.000
2014-03-27,3399.000,3428.000,3370.000,3374.000,1733348,1517280,3404.000
2014-03-28,3373.000,3397.000,3356.000,3393.000,1051950,1534200,3382.000
2014-03-31,3392.000,3408.000,3380.000,3394.000,808392,1517400,3391.000
2014-04-01,3437.000,3526.000,3437.000,3507.000,2432374,1441650,3493.000
2014-04-02,3524.000,3541.000,3503.000,3527.000,1419608,1541186,3523.000
2014-04-03,3504.000,3510.000,3472.000,3493.000,1419474,1434300,3491.000
2014-04-04,3497.000,3523.000,3489.000,3520.000,1105812,1484200,3507.000
2014-04-08,3490.000,3504.000,3483.000,3493.000,1010412,1471992,3491.000
2014-04-09,3512.000,3538.000,3492.000,3503.000,1492548,1462228,3518.000
2014-04-10,3500.000,3515.000,3486.000,3493.000,1282516,1478000,3499.000
2014-04-11,3485.000,3488.000,3459.000,3480.000,1318200,1509238,3470.000
2014-04-14,3478.000,3495.000,3454.000,3476.000,1248606,1534500,3476.000
2014-04-15,3495.000,3502.000,3475.000,3477.000,875158,1462500,3486.000
2014-04-16,3510.000,3533.000,3507.000,3524.000,1355144,1490900,3519.000
2014-04-17,3536.000,3572.000,3536.000,3568.000,1492104,1615694,3558.000
2014-04-18,3552.000,3591.000,3549.000,3585.000,1116106,1610400,3571.000
2014-04-21,3580.000,3587.000,3550.000,3553.000,1259288,1597066,3566.000
2014-04-22,3545.000,3577.000,3538.000,3575.000,1061096,1637600,3556.000
2014-04-23,3549.000,3565.000,3538.000,3547.000,1408390,1664072,3549.000
2014-04-24,3564.000,3564.000,3534.000,3553.000,907854,1663730,3547.000
2014-04-25,3564.000,3594.000,3558.000,3574.000,1410450,1666300,3575.000
2014-04-28,3625.000,3678.000,3624.000,3669.000,1509820,1674376,3656.000
2014-04-29,3651.000,3659.000,3637.000,3648.000,722068,1587200,3647.000
2014-04-30,3670.000,3686.000,3654.000,3672.000,879070,1532092,3669.000
2014-05-01,3558.000,3558.000,3558.000,3558.000,50,1102,3561.000
2014-05-05,3621.000,3629.000,3596.000,3617.000,1195934,1553054,3612.000
2014-05-06,3599.000,3617.000,3583.000,3601.000,1027546,1591500,3601.000
2014-05-07,3591.000,3605.000,3578.000,3592.000,831364,1614200,3591.000
2014-05-08,3590.000,3614.000,3583.000,3596.000,1236390,1656676,3599.000
2014-05-09,3616.000,3628.000,3592.000,3593.000,1101758,1581100,3613.000
2014-05-12,3628.000,3638.000,3619.000,3635.000,1031608,1482000,3627.000
2014-05-13,3603.000,3632.000,3600.000,3629.000,687542,1466800,3616.000
2014-05-14,3642.000,3681.000,3637.000,3679.000,1141234,1495024,3662.000
2014-05-15,3680.000,3704.000,3672.000,3701.000,1087580,1500666,3689.000
2014-05-16,3680.000,3694.000,3677.000,3692.000,776160,1465100,3685.000
2014-05-19,3685.000,3715.000,3684.000,3700.000,1009126,1468300,3700.000
2014-05-20,3736.000,3755.000,3720.000,3750.000,994604,1407900,3738.000
2014-05-21,3738.000,3750.000,3727.000,3745.000,886570,1386000,3738.000
2014-05-22,3799.000,3845.000,3789.000,3835.000,1356696,1362614,3816.000
2014-05-23,3834.000,3848.000,3825.000,3847.000,913988,1371400,3838.000
2014-05-26,3847.000,3866.000,3841.000,3866.000,772046,1427900,3852.000
2014-05-27,3860.000,3866.000,3764.000,3792.000,2430968,1355498,3799.000
2014-05-28,3780.000,3813.000,3771.000,3795.000,1543078,1360900,3794.000
2014-05-29,3811.000,3849.000,3804.000,3846.000,1079802,1409000,3826.000
2014-05-30,3846.000,3865.000,3826.000,3854.000,1571628,1420200,3848.000
2014-06-03,3863.000,3876.000,3830.000,3839.000,1088410,1383700,3843.000
2014-06-04,3818.000,3821.000,3788.000,3813.000,1245570,1384800,3807.000
2014-06-05,3808.000,3819.000,3757.000,3762.000,1492128,1349078,3789.000
2014-06-06,3746.000,3753.000,3709.000,3736.000,1338472,1379790,3730.000
2014-06-09,3472.000,3522.000,3465.000,3500.000,703574,1340602,3496.000
2014-06-10,3498.000,3509.000,3483.000,3485.000,492972,1351200,3495.000
2014-06-11,3502.000,3507.000,3484.000,3490.000,428130,1352200,3494.000
2014-06-12,3478.000,3530.000,3471.000,3528.000,648554,1328400,3507.000
2014-06-13,3494.000,3506.000,3481.000,3505.000,565620,1316600,3492.000
2014-06-16,3738.000,3783.000,3724.000,3775.000,1271210,1354858,3755.000
2014-06-17,3762.000,3767.000,3689.000,3697.000,2335880,1473900,3725.000
2014-06-18,3676.000,3684.000,3654.000,3678.000,1671984,1471780,3669.000
2014-06-19,3694.000,3710.000,3672.000,3700.000,1273256,1387000,3690.000
2014-06-20,3714.000,3717.000,3688.000,3696.000,946168,1380642,3703.000
2014-06-23,3715.000,3749.000,3711.000,3735.000,966438,1361400,3730.000
2014-06-24,3719.000,3725.000,3678.000,3684.000,1022800,1402400,3698.000
2014-06-25,3542.000,3560.000,3529.000,3547.000,578450,1437300,3545.000
2014-06-26,3546.000,3556.000,3538.000,3546.000,356456,1421000,3545.000
2014-06-27,3723.000,3753.000,3721.000,3734.000,1076072,1381400,3738.000
2014-06-30,3530.000,3535.000,3503.000,3519.000,686900,1355000,3516.000
2014-07-01,3376.000,3383.000,3376.000,3376.000,135342,1304400,3376.000
2014-07-02,3346.000,3363.000,3328.000,3355.000,1221420,1376258,3344.000
2014-07-03,3351.000,3368.000,3345.000,3355.000,563498,1429600,3357.000
2014-07-04,3340.000,3359.000,3337.000,3348.000,444910,1419700,3350.000
2014-07-07,3340.000,3350.000,3271.000,3284.000,958556,1404992,3299.000
2014-07-08,3302.000,3311.000,3287.000,3306.000,556850,1407600,3300.000
2014-07-09,3291.000,3291.000,3250.000,3252.000,785300,1429100,3265.000
2014-07-10,3248.000,3261.000,3229.000,3244.000,486602,1432200,3247.000
2014-07-11,3228.000,3230.000,3192.000,3229.000,839332,1405600,3211.000
2014-07-14,3188.000,3223.000,3181.000,3217.000,678824,1458192,3205.000
2014-07-15,3230.000,3247.000,3217.000,3220.000,657630,1414300,3233.000
2014-07-16,3236.000,3266.000,3232.000,3259.000,604802,1433610,3251.000
2014-07-17,3280.000,3284.000,3249.000,3251.000,814132,1383032,3266.000
2014-07-18,3251.000,3264.000,3238.000,3243.000,593202,1357700,3250.000
2014-07-21,3217.000,3220.000,3192.000,3193.000,948302,1349300,3205.000
2014-07-22,3191.000,3208.000,3187.000,3205.000,877284,1293490,3197.000
2014-07-23,3180.000,3196.000,3154.000,3156.000,945184,1314974,3175.000
2014-07-24,3085.000,3100.000,3080.000,3092.000,319212,1228344,3091.000
2014-07-25,3101.000,3104.000,3079.000,3086.000,302684,1211638,3087.000
2014-07-28,3128.000,3131.000,3111.000,3127.000,304286,1176400,3121.000
2014-07-29,3297.000,3320.000,3293.000,3315.000,1062012,1239846,3307.000
2014-07-30,3288.000,3311.000,3269.000,3305.000,1091432,1270100,3288.000
2014-07-31,3275.000,3285.000,3268.000,3281.000,663130,1281086,3277.000
2014-08-01,3275.000,3285.000,3243.000,3251.000,1069998,1352090,3256.000
2014-08-04,3236.000,3268.000,3231.000,3264.000,1011980,1413592,3250.000
2014-08-05,3277.000,3290.000,3261.000,3282.000,964212,1443824,3279.000
2014-08-06,3270.000,3301.000,3270.000,3286.000,1468852,1483800,3285.000
2014-08-07,3315.000,3332.000,3310.000,3324.000,1057482,1436300,3321.000
2014-08-08,3320.000,3333.000,3315.000,3331.000,887284,1452700,3324.000
2014-08-11,3340.000,3351.000,3313.000,3314.000,1247008,1506900,3330.000
2014-08-12,3310.000,3312.000,3262.000,3268.000,1092428,1490154,3283.000
2014-08-13,3271.000,3292.000,3232.000,3247.000,1705304,1619318,3266.000
2014-08-14,3238.000,3246.000,3197.000,3214.000,1600994,1507940,3218.000
2014-08-15,3097.000,3102.000,3080.000,3095.000,315308,1544380,3090.000
2014-08-18,3097.000,3108.000,3070.000,3107.000,438724,1530800,3089.000
2014-08-19,3261.000,3287.000,3253.000,3286.000,1126252,1608500,3270.000
2014-08-20,3290.000,3297.000,3254.000,3256.000,1321394,1641300,3270.000
2014-08-21,3230.000,3270.000,3230.000,3270.000,1173400,1575700,3249.000
2014-08-22,3270.000,3279.000,3263.000,3273.000,760182,1533100,3271.000
2014-08-25,3278.000,3292.000,3258.000,3271.000,661080,1524900,3268.000
2014-08-26,3249.000,3256.000,3231.000,3248.000,1141972,1492800,3242.000
2014-08-27,3050.000,3077.000,3045.000,3058.000,438864,1641200,3059.000
2014-08-28,3052.000,3056.000,3038.000,3045.000,357740,1695200,3045.000
2014-08-29,3055.000,3063.000,3042.000,3058.000,399756,1709200,3052.000
2014-09-01,3050.000,3057.000,3032.000,3044.000,371430,1728904,3042.000
2014-09-02,3046.000,3065.000,3040.000,3057.000,420776,1760336,3055.000
2014-09-03,3061.000,3072.000,3042.000,3042.000,368408,1785614,3058.000
2014-09-04,3032.000,3034.000,2995.000,2999.000,660890,1866800,3013.000
2014-09-05,2988.000,2988.000,2946.000,2952.000,673636,1804200,2962.000
2014-09-09,2952.000,2963.000,2930.000,2942.000,407510,1789396,2948.000
2014-09-10,2930.000,2930.000,2897.000,2914.000,585104,1709900,2907.000
2014-09-11,2902.000,2915.000,2899.000,2904.000,398156,1654198,2906.000
2014-09-12,2880.000,2936.000,2876.000,2934.000,628384,1666488,2913.000
2014-09-15,2915.000,2921.000,2904.000,2917.000,456810,1700400,2912.000
2014-09-16,2930.000,2950.000,2917.000,2933.000,693804,1689700,2935.000
2014-09-17,2920.000,2946.000,2917.000,2945.000,465742,1699886,2933.000
2014-09-18,2943.000,2945.000,2924.000,2929.000,396088,1708200,2932.000
2014-09-19,2905.000,2905.000,2861.000,2862.000,722718,1769100,2878.000
2014-09-22,2840.000,2840.000,2766.000,2781.000,1034672,1646676,2796.000
2014-09-23,2755.000,2818.000,2751.000,2795.000,893798,1591610,2794.000
2014-09-24,2795.000,2798.000,2765.000,2770.000,635162,1652400,2787.000
2014-09-25,2785.000,2790.000,2761.000,2769.000,575872,1585700,2775.000
2014-09-26,2740.000,2749.000,2700.000,2732.000,1091594,1553000,2725.000
2014-09-29,2720.000,2728.000,2688.000,2695.000,672664,1489100,2708.000
2014-09-30,2723.000,2733.000,2718.000,2729.000,505702,1390100,2726.000
2014-10-08,3120.000,3131.000,2988.000,3117.000,24,572,3125.000
2014-10-09,2765.000,2795.000,2764.000,2795.000,602332,1403700,2781.000
2014-10-10,2790.000,2793.000,2741.000,2747.000,756494,1398500,2766.000
2014-10-13,2739.000,2787.000,2730.000,2776.000,807402,1511300,2768.000
2014-10-14,2810.000,2845.000,2798.000,2839.000,942860,1520100,2824.000
2014-10-15,2855.000,2859.000,2829.000,2829.000,731580,1588092,2841.000
2014-10-16,2829.000,2855.000,2815.000,2835.000,693626,1615494,2836.000
2014-10-17,2868.000,2875.000,2843.000,2848.000,671968,1632666,2858.000
2014-10-20,2833.000,2841.000,2820.000,2834.000,494922,1648560,2829.000
2014-10-21,2843.000,2871.000,2842.000,2850.000,726572,1743900,2859.000
2014-10-22,2881.000,2890.000,2871.000,2873.000,734382,1776740,2879.000
2014-10-23,2856.000,2868.000,2840.000,2868.000,710560,1832100,2855.000
2014-10-24,2923.000,2951.000,2919.000,2929.000,1187588,1880500,2929.000
2014-10-27,2889.000,2917.000,2878.000,2916.000,893250,1951400,2900.000
2014-10-28,2985.000,2995.000,2953.000,2954.000,1277980,1890000,2973.000
2014-10-29,2960.000,2994.000,2955.000,2993.000,1062706,1957162,2974.000
2014-10-30,3050.000,3055.000,2999.000,3005.000,1725762,1956700,3021.000
2014-10-31,2990.000,3031.000,2981.000,3024.000,1375236,2015400,3003.000
2014-11-03,3022.000,3025.000,2962.000,2965.000,1663322,2127244,3001.000
2014-11-04,2955.000,2955.000,2894.000,2916.000,2140980,2043718,2929.000
2014-11-05,2905.000,2926.000,2873.000,2875.000,1975136,2014526,2902.000
2014-11-06,2912.000,2931.000,2892.000,2928.000,1428860,2002238,2907.000
2014-11-07,2940.000,2982.000,2935.000,2960.000,1879376,2047448,2958.000
2014-11-10,2958.000,2982.000,2938.000,2979.000,1494498,2093932,2961.000
2014-11-11,2943.000,2949.000,2918.000,2930.000,1429636,2069046,2935.000
2014-11-12,3020.000,3021.000,2989.000,3004.000,2060922,2073676,3003.000
2014-11-13,2971.000,2993.000,2970.000,2992.000,917808,2090288,2984.000
2014-11-14,2980.000,2981.000,2926.000,2929.000,1600416,2156482,2948.000
2014-11-17,2902.000,2939.000,2900.000,2912.000,1586612,2148302,2918.000
2014-11-18,2924.000,2930.000,2878.000,2908.000,1493196,2198798,2896.000
2014-11-19,2895.000,2895.000,2851.000,2853.000,1626904,2274526,2862.000
2014-11-20,2832.000,2869.000,2827.000,2856.000,1404010,2223494,2848.000
2014-11-21,2869.000,2883.000,2844.000,2875.000,1365156,2205410,2861.000
2014-11-24,2884.000,2897.000,2850.000,2854.000,1328906,2252818,2872.000
2014-11-25,2863.000,2874.000,2846.000,2872.000,1154238,2260000,2859.000
2014-11-26,2880.000,2887.000,2858.000,2864.000,1347674,2263700,2873.000
2014-11-27,2866.000,2884.000,2855.000,2883.000,940676,2179500,2868.000
2014-11-28,2875.000,2921.000,2863.000,2903.000,1412548,2129068,2892.000
2014-12-01,2843.000,2858.000,2817.000,2837.000,1420760,2108032,2840.000
2014-12-02,2852.000,2877.000,2852.000,2860.000,1133140,2058408,2864.000
2014-12-03,2830.000,2841.000,2801.000,2835.000,1714182,2010764,2822.000
2014-12-04,2836.000,2850.000,2808.000,2809.000,1433676,2096032,2833.000
2014-12-05,2830.000,2845.000,2808.000,2840.000,1260644,2007816,2828.000
2014-12-08,2861.000,2888.000,2857.000,2877.000,1281056,1964712,2872.000
2014-12-09,2880.000,2894.000,2863.000,2887.000,1325160,1969278,2878.000
2014-12-10,2897.000,2981.000,2895.000,2964.000,2135194,2100900,2945.000
2014-12-11,2927.000,2950.000,2916.000,2947.000,1332010,2138804,2933.000
2014-12-12,2942.000,2968.000,2934.000,2944.000,1132910,2132864,2949.000
2014-12-15,2936.000,2965.000,2927.000,2953.000,1209232,2122480,2950.000
2014-12-16,2937.000,2938.000,2899.000,2905.000,1180538,2055002,2917.000
2014-12-17,2880.000,2895.000,2852.000,2866.000,1235302,2086440,2872.000
2014-12-18,2873.000,2891.000,2862.000,2866.000,1021598,2107030,2878.000
2014-12-19,2882.000,2894.000,2879.000,2888.000,337426,2082260,2885.000
2014-12-22,2880.000,2884.000,2858.000,2865.000,792208,2091030,2865.000
2014-12-23,2866.000,2883.000,2845.000,2846.000,1501534,2041928,2864.000
2014-12-24,2850.000,2856.000,2819.000,2832.000,1132992,2138308,2839.000
2014-12-25,2825.000,2841.000,2823.000,2839.000,728700,2100700,2833.000
2014-12-26,2843.000,2867.000,2837.000,2862.000,808728,2018800,2852.000
2014-12-29,2866.000,2919.000,2859.000,2898.000,1588164,1997828,2896.000
2014-12-30,2898.000,2926.000,2871.000,2905.000,1628594,1934826,2895.000
2014-12-31,2900.000,2915.000,2857.000,2869.000,1301172,1985592,2884.000
2015-01-05,2802.000,2828.000,2802.000,2805.000,1133224,2128376,2816.000
2015-01-06,2816.000,2873.000,2811.000,2849.000,1638688,1857150,2848.000
2015-01-07,2860.000,2881.000,2846.000,2858.000,1282780,1842564,2863.000
2015-01-08,2863.000,2873.000,2850.000,2864.000,931688,1879400,2861.000
2015-01-09,2863.000,2873.000,2820.000,2831.000,1413136,1994680,2842.000
2015-01-12,2835.000,2849.000,2826.000,2837.000,836516,1983200,2837.000
2015-01-13,2830.000,2846.000,2770.000,2785.000,1807898,2184950,2797.000
2015-01-14,2782.000,2792.000,2716.000,2719.000,2093774,2281052,2750.000
2015-01-15,2718.000,2755.000,2702.000,2746.000,2024042,2140580,2732.000
2015-01-16,2741.000,2765.000,2692.000,2710.000,2806146,2253938,2720.000
2015-01-19,2713.000,2735.000,2620.000,2681.000,3603260,2048538,2691.000
2015-01-20,2681.000,2683.000,2644.000,2669.000,2109820,2081390,2662.000
2015-01-21,2669.000,2730.000,2645.000,2693.000,2825926,2107458,2682.000
2015-01-22,2690.000,2721.000,2682.000,2698.000,2285610,2187792,2700.000
2015-01-23,2711.000,2711.000,2663.000,2681.000,2016936,2194440,2679.000
2015-01-26,2671.000,2698.000,2658.000,2674.000,2383954,2236424,2679.000
2015-01-27,2670.000,2720.000,2669.000,2695.000,2215258,2181984,2695.000
2015-01-28,2696.000,2702.000,2676.000,2691.000,1573514,2167684,2688.000
2015-01-29,2684.000,2702.000,2673.000,2686.000,1528462,2140312,2685.000
2015-01-30,2682.000,2702.000,2677.000,2694.000,1672080,2102938,2692.000
2015-02-02,2697.000,2697.000,2655.000,2665.000,2221282,2231834,2671.000
2015-02-03,2671.000,2701.000,2663.000,2691.000,1870170,2224246,2682.000
2015-02-04,2699.000,2752.000,2689.000,2720.000,3041890,2117758,2721.000
2015-02-05,2721.000,2727.000,2700.000,2716.000,1539530,2088058,2714.000
2015-02-06,2721.000,2742.000,2716.000,2725.000,1684274,2038138,2727.000
2015-02-09,2731.000,2738.000,2712.000,2737.000,1413060,2008488,2726.000
2015-02-10,2732.000,2759.000,2729.000,2734.000,1591966,1955180,2743.000
2015-02-11,2731.000,2759.000,2724.000,2744.000,1658578,1974310,2740.000
2015-02-12,2738.000,2749.000,2735.000,2742.000,693770,1936714,2741.000
2015-02-13,2745.000,2795.000,2743.000,2794.000,1557154,1848922,2769.000
2015-02-16,2786.000,2819.000,2785.000,2799.000,1128734,1776156,2804.000
2015-02-17,2793.000,2814.000,2789.000,2809.000,446456,1716552,2800.000
2015-02-25,2848.000,2869.000,2831.000,2838.000,597144,1702566,2844.000
2015-02-26,2838.000,2865.000,2832.000,2851.000,979856,1724848,2849.000
2015-02-27,2818.000,2880.000,2808.000,2864.000,2140000,1992600,2843.000
2015-03-02,2869.000,2875.000,2842.000,2861.000,1904162,2182690,2859.000
2015-03-03,2853.000,2864.000,2807.000,2820.000,2058066,2300520,2831.000
2015-03-04,2823.000,2826.000,2795.000,2817.000,1563664,2402506,2811.000
2015-03-05,2805.000,2809.000,2769.000,2781.000,1620220,2386236,2784.000
2015-03-06,2781.000,2801.000,2761.000,2762.000,1734038,2486742,2781.000
2015-03-09,2766.000,2798.000,2754.000,2787.000,1894096,2532186,2780.000
2015-03-10,2782.000,2807.000,2782.000,2786.000,1637750,2526668,2793.000
2015-03-11,2783.000,2844.000,2766.000,2822.000,3597522,2658142,2804.000
2015-03-12,2820.000,2858.000,2811.000,2839.000,2935928,2707320,2833.000
2015-03-13,2838.000,2847.000,2802.000,2810.000,3339740,2731938,2821.000
2015-03-16,2802.000,2809.000,2766.000,2785.000,2193840,2796188,2787.000
2015-03-17,2792.000,2810.000,2778.000,2781.000,2045880,2925680,2792.000
2015-03-18,2775.000,2781.000,2750.000,2752.000,2067994,3033172,2766.000
2015-03-19,2761.000,2797.000,2750.000,2776.000,1863808,3062468,2772.000
2015-03-20,2768.000,2777.000,2756.000,2773.000,1635004,3072698,2766.000
2015-03-23,2775.000,2816.000,2771.000,2806.000,2209604,3181598,2796.000
2015-03-24,2804.000,2827.000,2787.000,2818.000,2408170,3241714,2810.000
2015-03-25,2815.000,2821.000,2795.000,2799.000,2111250,3239636,2806.000
2015-03-26,2803.000,2811.000,2777.000,2780.000,1920590,3272778,2793.000
2015-03-27,2773.000,2784.000,2763.000,2782.000,1588942,3299814,2775.000
2015-03-30,2776.000,2781.000,2757.000,2763.000,1833266,3334668,2768.000
2015-03-31,2760.000,2766.000,2737.000,2753.000,2352584,3359370,2752.000
2015-04-01,2748.000,2822.000,2746.000,2794.000,4194538,3258912,2789.000
2015-04-02,2794.000,2817.000,2787.000,2798.000,2342528,3239996,2803.000
2015-04-03,2790.000,2799.000,2770.000,2773.000,2003270,3219262,2784.000
2015-04-07,2765.000,2789.000,2762.000,2768.000,1015032,3318882,2772.000
2015-04-08,2760.000,2771.000,2750.000,2763.000,1653240,3420206,2761.000
2015-04-09,2763.000,2769.000,2708.000,2708.000,2683294,3605968,2732.000
2015-04-10,2708.000,2715.000,2676.000,2682.000,2819572,3605558,2697.000
2015-04-13,2686.000,2708.000,2674.000,2695.000,2367384,3604210,2690.000
2015-04-14,2691.000,2698.000,2682.000,2696.000,1354824,3603500,2690.000
2015-04-15,2707.000,2719.000,2700.000,2708.000,1671496,3616028,2711.000
2015-04-16,2705.000,2723.000,2690.000,2695.000,2446088,3749874,2705.000
2015-04-17,2698.000,2709.000,2694.000,2707.000,1511298,3740534,2702.000
2015-04-20,2707.000,2731.000,2697.000,2719.000,2038562,3664830,2714.000
2015-04-21,2722.000,2728.000,2711.000,2726.000,1489304,3669178,2720.000
2015-04-22,2723.000,2734.000,2702.000,2709.000,1735768,3767378,2713.000
2015-04-23,2707.000,2728.000,2703.000,2720.000,1464392,3654578,2716.000
2015-04-24,2720.000,2750.000,2720.000,2733.000,2244310,3596618,2737.000
2015-04-27,2733.000,2748.000,2724.000,2741.000,1667272,3712272,2734.000
2015-04-28,2741.000,2780.000,2739.000,2764.000,2643874,3839560,2761.000
2015-04-29,2773.000,2783.000,2740.000,2746.000,2190182,3777730,2761.000
2015-04-30,2752.000,2775.000,2744.000,2772.000,1750846,3789542,2761.000
2015-05-04,2735.000,2740.000,2720.000,2730.000,1257472,3874420,2731.000
2015-05-05,2728.000,2756.000,2713.000,2730.000,2309590,3932496,2737.000
2015-05-06,2730.000,2759.000,2728.000,2748.000,2054582,3987802,2742.000
2015-05-07,2743.000,2769.000,2735.000,2754.000,2942034,4005146,2752.000
2015-05-08,2752.000,2757.000,2725.000,2727.000,1862234,4055578,2736.000
2015-05-11,2729.000,2741.000,2723.000,2733.000,1411918,4101558,2732.000
2015-05-12,2730.000,2737.000,2686.000,2688.000,2577354,4251210,2705.000
2015-05-13,2688.000,2710.000,2670.000,2677.000,2161540,4315196,2687.000
2015-05-14,2681.000,2691.000,2664.000,2672.000,1962450,4381246,2675.000
2015-05-15,2672.000,2684.000,2670.000,2672.000,1292174,4383014,2676.000
2015-05-18,2674.000,2680.000,2653.000,2671.000,1594348,4463942,2665.000
2015-05-19,2676.000,2685.000,2659.000,2662.000,1530002,4481244,2674.000
2015-05-20,2655.000,2656.000,2574.000,2590.000,3398278,4273908,2616.000
2015-05-21,2588.000,2603.000,2581.000,2583.000,1778018,4291252,2593.000
2015-05-22,2584.000,2600.000,2565.000,2587.000,2158036,4356782,2580.000
2015-05-25,2588.000,2600.000,2530.000,2535.000,2138842,4406198,2555.000
2015-05-26,2539.000,2553.000,2526.000,2528.000,2094650,4449180,2541.000
2015-05-27,2520.000,2551.000,2514.000,2533.000,1979394,4464104,2536.000
2015-05-28,2538.000,2569.000,2536.000,2556.000,2369644,4331760,2557.000
2015-05-29,2557.000,2565.000,2544.000,2553.000,1580138,4323452,2553.000
2015-06-01,2547.000,2558.000,2516.000,2519.000,2167382,4520182,2535.000
2015-06-02,2524.000,2562.000,2517.000,2556.000,2926394,4434028,2537.000
2015-06-03,2560.000,2582.000,2559.000,2571.000,2080584,4347564,2567.000
2015-06-04,2569.000,2575.000,2541.000,2566.000,2350754,4329160,2559.000
2015-06-05,2568.000,2578.000,2557.000,2564.000,1691310,4206714,2567.000
2015-06-08,2565.000,2572.000,2541.000,2551.000,1344738,4205952,2555.000
2015-06-09,2558.000,2569.000,2555.000,2561.000,1091082,4128464,2562.000
2015-06-10,2559.000,2571.000,2551.000,2553.000,1104890,4134584,2562.000
2015-06-11,2558.000,2567.000,2553.000,2555.000,1075394,4101636,2560.000
2015-06-12,2549.000,2549.000,2479.000,2490.000,3081766,4117618,2511.000
2015-06-15,2497.000,2498.000,2445.000,2454.000,2397950,4023858,2469.000
2015-06-16,2450.000,2478.000,2440.000,2475.000,1832360,3934114,2460.000
2015-06-17,2474.000,2547.000,2446.000,2522.000,2888848,3836360,2508.000
2015-06-18,2515.000,2531.000,2501.000,2505.000,1220412,3810298,2516.000
2015-06-19,2505.000,2556.000,2495.000,2532.000,2213308,3629792,2529.000
2015-06-23,2435.000,2487.000,2435.000,2484.000,652,1374,2465.000
2015-06-24,2585.000,2595.000,2568.000,2573.000,1555962,3575776,2579.000
2015-06-25,2571.000,2585.000,2559.000,2573.000,1185476,3571822,2573.000
2015-06-26,2590.000,2626.000,2583.000,2604.000,2526050,3411680,2605.000
2015-06-29,2644.000,2649.000,2582.000,2600.000,2705410,3107002,2615.000
2015-06-30,2605.000,2618.000,2548.000,2556.000,2284550,2929526,2574.000
2015-07-01,2565.000,2676.000,2544.000,2676.000,3199970,2695810,2642.000
2015-07-02,2702.000,2705.000,2702.000,2702.000,2486068,2365428,2685.000
2015-07-03,2690.000,2749.000,2685.000,2736.000,2589328,2358742,2720.000
2015-07-06,2732.000,2737.000,2674.000,2700.000,2238886,2163816,2707.000
2015-07-07,2690.000,2753.000,2682.000,2709.000,3007226,2082922,2720.000
2015-07-08,2709.000,2711.000,2612.000,2612.000,2746922,1714962,2640.000
2015-07-09,2563.000,2719.000,2482.000,2663.000,3475602,1531924,2629.000
2015-07-10,2696.000,2734.000,2678.000,2734.000,1845270,1498254,2714.000
2015-07-13,2754.000,2772.000,2690.000,2732.000,1982272,1467390,2735.000
2015-07-14,2717.000,2838.000,2712.000,2806.000,3276754,1402588,2785.000
2015-07-15,2798.000,2821.000,2763.000,2789.000,2772164,1349788,2788.000
2015-07-16,2786.000,2796.000,2728.000,2784.000,2527274,1268096,2761.000
2015-07-17,2793.000,2812.000,2709.000,2720.000,2394846,1237690,2757.000
2015-07-20,2707.000,2737.000,2665.000,2685.000,1779900,1183800,2699.000
2015-07-21,2680.000,2718.000,2671.000,2699.000,1360282,1172700,2698.000
2015-07-22,2700.000,2735.000,2692.000,2735.000,1371202,1132142,2714.000
2015-07-23,2758.000,2794.000,2752.000,2771.000,1858552,1204482,2775.000
2015-07-24,2765.000,2783.000,2723.000,2740.000,1883682,1227372,2751.000
2015-07-27,2732.000,2744.000,2677.000,2678.000,1782920,1252718,2711.000
2015-07-28,2668.000,2688.000,2651.000,2681.000,1861670,1232396,2672.000
2015-07-29,2686.000,2703.000,2662.000,2681.000,1649434,1267494,2683.000
2015-07-30,2677.000,2715.000,2670.000,2687.000,1991642,1264432,2695.000
2015-07-31,2706.000,2714.000,2685.000,2699.000,1706614,1324962,2698.000
2015-08-03,2690.000,2705.000,2656.000,2665.000,1808930,1354194,2681.000
2015-08-04,2659.000,2712.000,2651.000,2707.000,2002744,1383020,2687.000
2015-08-05,2710.000,2734.000,2704.000,2723.000,2337114,1432756,2719.000
2015-08-06,2739.000,2745.000,2708.000,2729.000,1879160,1430484,2724.000
2015-08-07,2722.000,2736.000,2683.000,2703.000,2333798,1355698,2707.000
2015-08-10,2703.000,2784.000,2699.000,2776.000,2772306,1513196,2751.000
2015-08-11,2776.000,2831.000,2772.000,2810.000,3414358,1554668,2801.000
2015-08-12,2808.000,2816.000,2782.000,2810.000,2741426,1559074,2799.000
2015-08-13,2828.000,2847.000,2688.000,2734.000,4239736,1568082,2762.000
2015-08-14,2734.000,2747.000,2721.000,2722.000,1963658,1521288,2731.000
2015-08-17,2714.000,2726.000,2708.000,2719.000,1348100,1524000,2718.000
2015-08-18,2726.000,2737.000,2707.000,2712.000,1553786,1542416,2723.000
2015-08-19,2700.000,2701.000,2658.000,2684.000,2463250,1493088,2676.000
2015-08-20,2699.000,2700.000,2655.000,2666.000,1886438,1545158,2675.000
2015-08-21,2671.000,2706.000,2669.000,2678.000,1713302,1518528,2685.000
2015-08-24,2675.000,2689.000,2606.000,2629.000,2964542,1597658,2641.000
2015-08-25,2603.000,2680.000,2602.000,2671.000,3421584,1571654,2650.000
2015-08-26,2706.000,2721.000,2667.000,2684.000,2279692,1521928,2694.000
2015-08-27,2695.000,2723.000,2675.000,2719.000,2267200,1519000,2696.000
2015-08-28,2727.000,2764.000,2690.000,2704.000,3189120,1418678,2724.000
2015-08-31,2703.000,2725.000,2672.000,2673.000,2736596,1381014,2700.000
2015-09-01,2669.000,2685.000,2659.000,2682.000,1706456,1385856,2672.000
2015-09-02,2674.000,2699.000,2656.000,2698.000,1689576,1358180,2675.000
2015-09-03,2674.000,2699.000,2656.000,2675.000,1689500,1358100,2675.000
2015-09-07,2598.000,2642.000,2592.000,2593.000,1500,4554,2595.000
2015-09-08,2655.000,2675.000,2649.000,2673.000,1187788,1397020,2663.000
2015-09-09,2676.000,2702.000,2672.000,2677.000,1940952,1399188,2686.000
2015-09-10,2685.000,2695.000,2673.000,2688.000,1448658,1398360,2684.000
2015-09-11,2673.000,2697.000,2669.000,2679.000,1754420,1370258,2685.000
2015-09-14,2680.000,2735.000,2665.000,2721.000,2942042,1528294,2711.000
2015-09-15,2721.000,2745.000,2718.000,2733.000,2043938,1539872,2734.000
2015-09-16,2725.000,2747.000,2711.000,2739.000,1980844,1557032,2729.000
2015-09-17,2739.000,2743.000,2715.000,2719.000,1467780,1537798,2728.000
2015-09-18,2713.000,2726.000,2696.000,2697.000,1432890,1536168,2710.000
2015-09-21,2696.000,2697.000,2644.000,2680.000,1743610,1434452,2671.000
2015-09-22,2676.000,2686.000,2668.000,2675.000,970412,1438790,2676.000
2015-09-23,2661.000,2675.000,2657.000,2672.000,1033140,1449814,2665.000
2015-09-24,2674.000,2682.000,2661.000,2669.000,850236,1426604,2670.000
2015-09-25,2660.000,2685.000,2655.000,2675.000,1051774,1381068,2671.000
2015-09-28,2690.000,2699.000,2665.000,2674.000,736652,1339980,2678.000
2015-09-29,2667.000,2673.000,2630.000,2646.000,1399546,1250936,2652.000
2015-09-30,2653.000,2678.000,2651.000,2670.000,890586,1138182,2666.000
2015-10-01,2653.000,2678.000,2651.000,2666.000,0,1138100,2666.000
2015-10-08,2666.000,2686.000,2666.000,2666.000,26,256,2671.000
2015-10-09,2651.000,2670.000,2631.000,2632.000,1700086,1306902,2652.000
2015-10-12,2640.000,2675.000,2634.000,2664.000,1948800,1266900,2652.000
2015-10-13,2664.000,2672.000,2649.000,2659.000,1324338,1317662,2659.000
2015-10-14,2664.000,2706.000,2661.000,2693.000,2013212,1411202,2688.000
2015-10-15,2705.000,2710.000,2683.000,2691.000,1265522,1371286,2695.000
2015-10-16,2687.000,2701.000,2680.000,2685.000,1329018,1402494,2689.000
2015-10-19,2681.000,2683.000,2655.000,2659.000,1121832,1395648,2667.000
2015-10-20,2659.000,2664.000,2613.000,2641.000,1917316,1462126,2640.000
2015-10-21,2643.000,2649.000,2606.000,2609.000,2001784,1466500,2622.000
2015-10-22,2607.000,2634.000,2601.000,2629.000,1321724,1419092,2616.000
2015-10-23,2631.000,2639.000,2568.000,2580.000,2590120,1571018,2592.000
2015-10-26,2588.000,2590.000,2558.000,2580.000,1804124,1503724,2574.000
2015-10-27,2579.000,2586.000,2546.000,2582.000,1498752,1427890,2566.000
2015-10-28,2586.000,2596.000,2572.000,2580.000,1194906,1367882,2582.000
2015-10-29,2575.000,2582.000,2565.000,2575.000,1086326,1348692,2572.000
2015-10-30,2570.000,2575.000,2551.000,2553.000,990046,1385494,2560.000
2015-11-02,2559.000,2567.000,2542.000,2553.000,903520,1407850,2556.000
2015-11-03,2553.000,2557.000,2512.000,2513.000,1448324,1550682,2528.000
2015-11-04,2510.000,2535.000,2507.000,2518.000,1270408,1546678,2521.000
2015-11-05,2515.000,2526.000,2490.000,2491.000,1455916,1648922,2507.000
2015-11-06,2501.000,2501.000,2459.000,2471.000,1755904,1589568,2477.000
2015-11-09,2472.000,2486.000,2456.000,2470.000,1197602,1582476,2470.000
2015-11-10,2475.000,2475.000,2457.000,2465.000,847766,1587864,2464.000
2015-11-11,2461.000,2481.000,2445.000,2471.000,1522140,1499386,2467.000
2015-11-12,2473.000,2488.000,2465.000,2474.000,887140,1477100,2477.000
2015-11-13,2467.000,2481.000,2442.000,2446.000,1015022,1500982,2460.000
2015-11-16,2445.000,2449.000,2421.000,2423.000,875512,1471144,2438.000
2015-11-17,2426.000,2428.000,2405.000,2407.000,879850,1446726,2416.000
2015-11-18,2410.000,2435.000,2406.000,2422.000,1041190,1388396,2421.000
2015-11-19,2430.000,2438.000,2382.000,2392.000,1555598,1292294,2408.000
2015-11-20,2391.000,2398.000,2362.000,2372.000,1064766,1234552,2380.000
2015-11-23,2321.000,2328.000,2250.000,2255.000,1642780,1456918,2288.000
2015-11-24,2255.000,2318.000,2246.000,2313.000,1615930,1538704,2285.000
2015-11-25,2316.000,2341.000,2294.000,2318.000,1666120,1607836,2316.000
2015-11-26,2314.000,2378.000,2300.000,2365.000,1877008,1611402,2343.000
2015-11-27,2361.000,2378.000,2340.000,2363.000,1360946,1631664,2359.000
2015-11-30,2360.000,2365.000,2330.000,2342.000,1219012,1616028,2346.000
2015-12-01,2343.000,2385.000,2340.000,2366.000,1404106,1632446,2363.000
2015-12-02,2380.000,2390.000,2361.000,2380.000,1285790,1689952,2376.000
2015-12-03,2376.000,2379.000,2335.000,2336.000,1420876,1813040,2353.000
2015-12-04,2332.000,2347.000,2313.000,2341.000,1611108,1944754,2330.000
2015-12-07,2335.000,2378.000,2333.000,2371.000,1398232,1838292,2359.000
2015-12-08,2368.000,2371.000,2284.000,2309.000,1929664,1792924,2322.000
2015-12-09,2315.000,2319.000,2289.000,2300.000,1475130,1695990,2304.000
2015-12-10,2305.000,2313.000,2285.000,2294.000,1109462,1749596,2297.000
2015-12-11,2295.000,2341.000,2292.000,2340.000,1391598,1620724,2316.000
2015-12-14,2338.000,2348.000,2321.000,2345.000,1382658,1620036,2336.000
2015-12-15,2338.000,2371.000,2332.000,2344.000,1571534,1579328,2351.000
2015-12-16,2350.000,2361.000,2330.000,2355.000,1322676,1609132,2343.000
2015-12-17,2353.000,2364.000,2311.000,2314.000,1892990,1847328,2336.000
2015-12-18,2317.000,2367.000,2309.000,2365.000,1756952,1706694,2341.000
2015-12-21,2370.000,2419.000,2364.000,2418.000,1784970,1664996,2385.000
2015-12-22,2417.000,2422.000,2398.000,2406.000,1492704,1639428,2410.000
2015-12-23,2409.000,2412.000,2385.000,2397.000,1248652,1620044,2398.000
2015-12-24,2396.000,2402.000,2373.000,2382.000,1265586,1611402,2387.000
2015-12-25,2386.000,2390.000,2361.000,2364.000,1103264,1596112,2375.000
2015-12-28,2366.000,2372.000,2338.000,2345.000,1102178,1594344,2354.000
2015-12-29,2344.000,2371.000,2341.000,2370.000,1133802,1582254,2355.000
2015-12-30,2368.000,2377.000,2350.000,2360.000,1760472,1670914,2363.000
2015-12-31,2359.000,2380.000,2353.000,2380.000,1436936,1511136,2367.000
2016-01-04,2370.000,2377.000,2321.000,2326.000,1335646,1553566,2342.000
2016-01-05,2328.000,2347.000,2325.000,2343.000,1139054,1504576,2336.000
2016-01-06,2344.000,2352.000,2327.000,2347.000,1367216,1514752,2340.000
2016-01-07,2344.000,2386.000,2339.000,2376.000,1975726,1457710,2369.000
2016-01-08,2373.000,2407.000,2363.000,2404.000,1978374,1574678,2391.000
2016-01-11,2406.000,2413.000,2377.000,2383.000,1490070,1470028,2393.000
2016-01-12,2383.000,2397.000,2372.000,2378.000,1498406,1470060,2382.000
2016-01-13,2380.000,2413.000,2376.000,2382.000,1877026,1533138,2392.000
2016-01-14,2386.000,2415.000,2376.000,2406.000,1860008,1576008,2397.000
2016-01-15,2406.000,2416.000,2395.000,2404.000,1355476,1569586,2405.000
2016-01-18,2396.000,2462.000,2394.000,2458.000,2383820,1578096,2433.000
2016-01-19,2458.000,2470.000,2450.000,2462.000,1453138,1558610,2461.000
2016-01-20,2462.000,2471.000,2440.000,2453.000,1575738,1526076,2453.000
2016-01-21,2448.000,2452.000,2419.000,2425.000,1485312,1477962,2436.000
2016-01-22,2428.000,2459.000,2425.000,2452.000,1164004,1417696,2444.000
2016-01-25,2452.000,2463.000,2428.000,2434.000,1147520,1384894,2443.000
2016-01-26,2432.000,2453.000,2423.000,2443.000,839828,1384800,2439.000
2016-01-27,2440.000,2452.000,2428.000,2448.000,1050482,1417870,2441.000
2016-01-28,2446.000,2460.000,2435.000,2443.000,1263326,1381288,2448.000
2016-01-29,2442.000,2444.000,2411.000,2419.000,1063362,1368258,2424.000
2016-02-01,2422.000,2451.000,2416.000,2444.000,822598,1337758,2437.000
2016-02-02,2440.000,2461.000,2437.000,2456.000,675808,1364016,2449.000
2016-02-03,2450.000,2457.000,2439.000,2453.000,738972,1288826,2447.000
2016-02-04,2451.000,2457.000,2437.000,2445.000,746966,1216700,2446.000
2016-02-05,2445.000,2449.000,2425.000,2437.000,630870,1162184,2435.000
2016-02-15,2428.000,2445.000,2417.000,2421.000,390118,1224150,2429.000
2016-02-16,2420.000,2443.000,2405.000,2410.000,1089252,1314846,2424.000
2016-02-17,2410.000,2420.000,2382.000,2383.000,1084588,1399348,2401.000
2016-02-18,2383.000,2399.000,2379.000,2383.000,907500,1463008,2388.000
2016-02-19,2384.000,2404.000,2376.000,2393.000,1213280,1464074,2391.000
2016-02-22,2388.000,2411.000,2387.000,2402.000,825530,1478700,2399.000
2016-02-23,2404.000,2415.000,2382.000,2385.000,843964,1491400,2396.000
2016-02-24,2388.000,2390.000,2340.000,2355.000,1844618,1446970,2360.000
2016-02-25,2351.000,2358.000,2333.000,2344.000,898664,1481626,2345.000
2016-02-26,2347.000,2357.000,2325.000,2330.000,955594,1465600,2339.000
2016-02-29,2330.000,2339.000,2288.000,2301.000,1441490,1437120,2308.000
2016-03-01,2302.000,2316.000,2294.000,2312.000,927854,1427786,2305.000
2016-03-02,2317.000,2335.000,2305.000,2309.000,1262446,1396378,2318.000
2016-03-03,2287.000,2310.000,2280.000,2304.000,531814,1521202,2298.000
2016-03-04,2301.000,2332.000,2300.000,2331.000,677346,1589380,2319.000
2016-03-07,2338.000,2396.000,2334.000,2357.000,1617010,1686570,2362.000
2016-03-08,2357.000,2372.000,2317.000,2323.000,1152860,1718512,2343.000
2016-03-09,2326.000,2337.000,2307.000,2317.000,874140,1713446,2322.000
2016-03-10,2322.000,2329.000,2299.000,2303.000,959714,1815510,2313.000
2016-03-11,2306.000,2317.000,2277.000,2308.000,1168022,1869730,2296.000
2016-03-14,2311.000,2326.000,2307.000,2309.000,940512,1853400,2318.000
2016-03-15,2308.000,2333.000,2297.000,2306.000,1312680,1850914,2313.000
2016-03-16,2301.000,2311.000,2288.000,2295.000,943644,1913300,2299.000
2016-03-17,2293.000,2313.000,2287.000,2311.000,1001444,1908560,2302.000
2016-03-18,2315.000,2340.000,2311.000,2331.000,2073382,1933224,2324.000
2016-03-21,2328.000,2338.000,2310.000,2328.000,1454114,2001788,2325.000
2016-03-22,2329.000,2364.000,2327.000,2355.000,2041412,2021298,2349.000
2016-03-23,2358.000,2391.000,2351.000,2357.000,2439888,2056178,2371.000
2016-03-24,2348.000,2385.000,2341.000,2362.000,2463374,2028854,2362.000
2016-03-25,2360.000,2401.000,2351.000,2399.000,2748008,2157206,2381.000
2016-03-28,2403.000,2407.000,2366.000,2368.000,2350692,2259122,2387.000
2016-03-29,2372.000,2375.000,2346.000,2353.000,2152844,2368614,2359.000
2016-03-30,2354.000,2370.000,2348.000,2363.000,1686342,2361380,2360.000
2016-03-31,2368.000,2371.000,2326.000,2331.000,1930872,2382674,2344.000
2016-04-01,2334.000,2358.000,2324.000,2340.000,1822526,2480262,2342.000
2016-04-05,2299.000,2318.000,2290.000,2316.000,61454,423480,2311.000
2016-04-06,2349.000,2368.000,2337.000,2343.000,1666084,2619440,2350.000
2016-04-07,2340.000,2356.000,2335.000,2342.000,1203654,2650162,2345.000
2016-04-08,2347.000,2351.000,2325.000,2326.000,1254452,2726528,2336.000
2016-04-11,2331.000,2375.000,2330.000,2362.000,2287002,2691866,2356.000
2016-04-12,2366.000,2405.000,2360.000,2404.000,2929244,2814672,2386.000
2016-04-13,2409.000,2470.000,2407.000,2445.000,3955702,2950752,2438.000
2016-04-14,2448.000,2492.000,2443.000,2465.000,3333270,2964050,2471.000
2016-04-15,2461.000,2483.000,2454.000,2473.000,2903132,3249502,2470.000
2016-04-18,2465.000,2535.000,2450.000,2519.000,4196672,3343578,2496.000
2016-04-19,2515.000,2528.000,2502.000,2518.000,2791206,3369478,2513.000
2016-04-20,2526.000,2613.000,2524.000,2586.000,5584146,2986080,2577.000
2016-04-21,2578.000,2680.000,2563.000,2680.000,4500404,2744930,2640.000
2016-04-22,2668.000,2710.000,2573.000,2589.000,5148334,2328510,2635.000
2016-04-25,2591.000,2647.000,2534.000,2571.000,4073896,2306324,2580.000
2016-04-26,2570.000,2643.000,2558.000,2615.000,4014198,2309532,2603.000
2016-04-27,2626.000,2655.000,2598.000,2627.000,4263234,2289796,2627.000
2016-04-28,2632.000,2639.000,2581.000,2629.000,3509610,2223996,2613.000
2016-04-29,2638.000,2680.000,2612.000,2617.000,3743610,2258754,2644.000
2016-05-03,2659.000,2725.000,2659.000,2722.000,2928936,2432840,2696.000
2016-05-04,2716.000,2724.000,2646.000,2677.000,3794162,2352108,2685.000
2016-05-05,2673.000,2709.000,2663.000,2675.000,3154830,2345572,2685.000
2016-05-06,2701.000,2708.000,2586.000,2614.000,4200566,2149450,2636.000
2016-05-09,2612.000,2683.000,2598.000,2666.000,4754466,2127636,2644.000
2016-05-10,2656.000,2669.000,2613.000,2660.000,3797602,2074114,2642.000
2016-05-11,2672.000,2774.000,2652.000,2774.000,2690328,2099210,2692.000
2016-05-12,2802.000,2853.000,2774.000,2833.000,6201144,2299682,2812.000
2016-05-13,2838.000,2855.000,2766.000,2798.000,6289792,2244084,2803.000
2016-05-16,2790.000,2853.000,2773.000,2809.000,5683616,2269100,2811.000
2016-05-17,2807.000,2834.000,2797.000,2828.000,3668392,2177100,2817.000
2016-05-18,2830.000,2928.000,2825.000,2853.000,6973520,2224208,2878.000
2016-05-19,2852.000,2875.000,2816.000,2849.000,4857772,2265332,2843.000
2016-05-20,2830.000,2875.000,2802.000,2870.000,4066198,2292202,2838.000
2016-05-23,2900.000,2917.000,2828.000,2836.000,5001358,2359302,2862.000
2016-05-24,2840.000,2848.000,2719.000,2727.000,6640506,2548324,2774.000
2016-05-25,2718.000,2804.000,2701.000,2790.000,7651616,2583694,2764.000
2016-05-26,2805.000,2898.000,2800.000,2895.000,6704486,2510856,2853.000
2016-05-27,2907.000,2915.000,2838.000,2871.000,6613560,2593636,2869.000
2016-05-30,2862.000,2988.000,2855.000,2974.000,7525820,2773256,2921.000
2016-05-31,2950.000,2971.000,2913.000,2930.000,5196984,2787568,2942.000
2016-06-01,2938.000,2954.000,2866.000,2898.000,6059624,2793706,2905.000
2016-06-02,2899.000,3003.000,2879.000,2977.000,6443822,2838800,2951.000
2016-06-03,2985.000,3058.000,2971.000,3054.000,6229430,2878220,3016.000
2016-06-06,3074.000,3100.000,3025.000,3098.000,5900880,2880470,3062.000
2016-06-07,3104.000,3134.000,3086.000,3130.000,6353176,2935928,3112.000
2016-06-08,3120.000,3176.000,3101.000,3173.000,5348828,2807088,3133.000
2016-06-13,3320.000,3352.000,3255.000,3344.000,4396564,2676094,3316.000
2016-06-14,3333.000,3367.000,3217.000,3234.000,7192348,2432702,3295.000
2016-06-15,3260.000,3293.000,3207.000,3281.000,6571600,2569000,3254.000
2016-06-16,3296.000,3337.000,3187.000,3200.000,7458498,2522394,3255.000
2016-06-17,3205.000,3233.000,3154.000,3230.000,5883334,2392542,3191.000
2016-06-20,3233.000,3274.000,3213.000,3256.000,4926544,2454176,3241.000
2016-06-21,3245.000,3280.000,3224.000,3249.000,4448280,2455736,3248.000
2016-06-22,3210.000,3267.000,3183.000,3263.000,4569932,2417682,3220.000
2016-06-23,3230.000,3294.000,3195.000,3210.000,5609324,2290028,3250.000
2016-06-24,3210.000,3256.000,3171.000,3177.000,7414320,2150624,3217.000
2016-06-27,3160.000,3308.000,3147.000,3301.000,4936632,2283482,3234.000
2016-06-28,3293.000,3425.000,3281.000,3403.000,6783382,2310828,3354.000
2016-06-29,3406.000,3424.000,3335.000,3356.000,5535794,2295352,3381.000
2016-06-30,3352.000,3403.000,3343.000,3394.000,4254466,2256080,3375.000
2016-07-01,3384.000,3577.000,3356.000,3450.000,4812026,2191550,3436.000
2016-07-04,3441.000,3523.000,3436.000,3459.000,4177172,2107068,3472.000
2016-07-05,3462.000,3474.000,3274.000,3360.000,5737236,1933896,3365.000
2016-07-06,3353.000,3395.000,3227.000,3254.000,6335542,1752302,3288.000
2016-07-07,3200.000,3320.000,3106.000,3143.000,6399496,1665496,3199.000
2016-07-08,3174.000,3203.000,3024.000,3075.000,5636438,1385546,3106.000
2016-07-11,3101.000,3193.000,3077.000,3146.000,4082924,1403900,3130.000
2016-07-12,3160.000,3193.000,3130.000,3184.000,3555346,1339000,3168.000
2016-07-13,3175.000,3317.000,3163.000,3294.000,5075350,1331300,3249.000
2016-07-14,3333.000,3353.000,3284.000,3324.000,3415708,1341634,3321.000
2016-07-15,3300.000,3305.000,3138.000,3155.000,1332768,1379000,3201.000
2016-07-18,3138.000,3182.000,3075.000,3081.000,1381568,1337526,3133.000
2016-07-19,3070.000,3157.000,3066.000,3136.000,1204290,1372058,3113.000
2016-07-20,3120.000,3128.000,3013.000,3052.000,1584010,1336970,3062.000
2016-07-21,3035.000,3054.000,2984.000,3028.000,1227760,1316216,3016.000
2016-07-22,3020.000,3043.000,2946.000,2955.000,1391474,1389520,2991.000
2016-07-25,2946.000,2963.000,2893.000,2956.000,1342142,1440100,2937.000
2016-07-26,2969.000,2973.000,2907.000,2948.000,1279408,1448506,2936.000
2016-07-27,2940.000,2980.000,2924.000,2965.000,1274676,1440400,2956.000
2016-07-28,2990.000,3005.000,2966.000,2978.000,1405144,1443832,2988.000
2016-07-29,2968.000,2991.000,2918.000,2923.000,1238278,1458134,2957.000
2016-08-01,2931.000,2990.000,2925.000,2946.000,1092152,1457640,2958.000
2016-08-02,2935.000,2951.000,2870.000,2902.000,1951438,1485150,2903.000
2016-08-03,2896.000,2923.000,2871.000,2890.000,1855024,1521040,2895.000
2016-08-04,2905.000,2917.000,2853.000,2912.000,2331890,1605764,2886.000
2016-08-05,2915.000,2961.000,2894.000,2951.000,2698488,1714838,2928.000
2016-08-08,2946.000,2997.000,2938.000,2962.000,2313384,1691578,2970.000
2016-08-09,2969.000,2993.000,2952.000,2976.000,1900418,1717530,2973.000
2016-08-10,2960.000,3025.000,2960.000,3024.000,2195880,1790200,3002.000
2016-08-11,3015.000,3020.000,2984.000,3003.000,1745224,1797918,3003.000
2016-08-12,3001.000,3033.000,3000.000,3011.000,1988580,1863814,3018.000
2016-08-15,3000.000,3055.000,2960.000,3040.000,2603764,1959766,3011.000
2016-08-16,3035.000,3069.000,3032.000,3049.000,2096696,2006470,3051.000
2016-08-17,3052.000,3058.000,3029.000,3041.000,1355702,1984642,3041.000
2016-08-18,3043.000,3066.000,3006.000,3011.000,2120138,1976352,3038.000
2016-08-19,3012.000,3018.000,2962.000,2986.000,2438362,1959868,2990.000
2016-08-22,2990.000,3024.000,2968.000,3005.000,1780228,1926500,2995.000
2016-08-23,2999.000,3042.000,2989.000,3006.000,1572874,1942840,3014.000
2016-08-24,3014.000,3026.000,2978.000,2981.000,1750772,1956692,3000.000
2016-08-25,2980.000,2989.000,2930.000,2968.000,2108900,1974706,2961.000
2016-08-26,2966.000,2974.000,2909.000,2918.000,2048420,1978524,2937.000
2016-08-29,2925.000,2938.000,2902.000,2921.000,1529138,1958736,2923.000
2016-08-30,2915.000,2934.000,2908.000,2918.000,1247698,1974540,2923.000
2016-08-31,2915.000,2928.000,2858.000,2862.000,2092712,2010574,2886.000
2016-09-01,2862.000,2889.000,2851.000,2881.000,1558684,2032556,2872.000
2016-09-02,2884.000,2914.000,2863.000,2884.000,1631912,2006970,2887.000
2016-09-05,2896.000,2916.000,2861.000,2870.000,1677366,2077400,2891.000
2016-09-06,2870.000,2898.000,2855.000,2886.000,1196644,2041400,2882.000
2016-09-07,2879.000,2949.000,2872.000,2940.000,2104538,2085782,2915.000
2016-09-08,2950.000,2970.000,2938.000,2966.000,1736624,2078460,2957.000
2016-09-09,2971.000,2979.000,2943.000,2947.000,1325468,2051100,2955.000
2016-09-12,2945.000,2984.000,2931.000,2953.000,1804562,1995358,2953.000
2016-09-13,2961.000,2988.000,2914.000,2935.000,2157678,1918792,2951.000
2016-09-14,2920.000,2927.000,2882.000,2895.000,1635030,1819374,2899.000
2016-09-19,2950.000,2992.000,2943.000,2980.000,1253650,1831840,2970.000
2016-09-20,2985.000,2994.000,2958.000,2977.000,1568852,1837598,2974.000
2016-09-21,2980.000,3021.000,2970.000,2990.000,1830986,1884396,2997.000
2016-09-22,2998.000,3009.000,2934.000,2938.000,2240402,1858624,2967.000
2016-09-23,2955.000,2963.000,2904.000,2909.000,1582308,1884594,2934.000
2016-09-26,2907.000,2916.000,2866.000,2866.000,1558894,1901022,2890.000
2016-09-27,2861.000,2879.000,2837.000,2841.000,1876582,1907020,2859.000
2016-09-28,2849.000,2857.000,2819.000,2850.000,1453264,1830002,2840.000
2016-09-29,2846.000,2888.000,2842.000,2883.000,1724468,1588722,2871.000
2016-09-30,2883.000,2897.000,2844.000,2876.000,1492904,1530712,2866.000
2016-10-10,2865.000,2884.000,2829.000,2857.000,873540,1511664,2847.000
2016-10-11,2853.000,2882.000,2840.000,2853.000,1468112,1579622,2859.000
2016-10-12,2851.000,2871.000,2796.000,2815.000,2076340,1669704,2835.000
2016-10-13,2820.000,2846.000,2761.000,2769.000,2478600,1661334,2805.000
2016-10-14,2779.000,2817.000,2747.000,2811.000,2006990,1546944,2784.000
2016-10-17,2818.000,2841.000,2803.000,2827.000,2101752,1617068,2822.000
2016-10-18,2830.000,2863.000,2813.000,2856.000,1829684,1611246,2835.000
2016-10-19,2845.000,2868.000,2823.000,2829.000,1666554,1628644,2845.000
2016-10-20,2825.000,2879.000,2818.000,2874.000,1619802,1671646,2853.000
2016-10-21,2874.000,2894.000,2846.000,2870.000,1661486,1663772,2868.000
2016-10-24,2875.000,2915.000,2862.000,2906.000,1648994,1643918,2887.000
2016-10-25,2912.000,2922.000,2876.000,2884.000,1577640,1598584,2898.000
2016-10-26,2894.000,2931.000,2863.000,2927.000,2216644,1605142,2902.000
2016-10-27,2925.000,2977.000,2911.000,2972.000,2169692,1598100,2949.000
2016-10-28,2960.000,2980.000,2945.000,2959.000,1448396,1597760,2962.000
2016-10-31,2952.000,2966.000,2906.000,2910.000,1392744,1544898,2930.000
2016-11-01,2905.000,2922.000,2891.000,2902.000,1329924,1557248,2908.000
2016-11-02,2907.000,2918.000,2812.000,2819.000,2015560,1471106,2862.000
2016-11-03,2831.000,2834.000,2806.000,2825.000,1096256,1451500,2821.000
2016-11-04,2825.000,2836.000,2798.000,2816.000,1247014,1433840,2819.000
2016-11-07,2822.000,2879.000,2819.000,2865.000,1334596,1387574,2849.000
2016-11-08,2868.000,2910.000,2862.000,2896.000,1303746,1354488,2883.000
2016-11-09,2907.000,2921.000,2861.000,2897.000,1469424,1327882,2894.000
2016-11-10,2915.000,3018.000,2871.000,2995.000,3247576,1487872,2941.000
2016-11-11,2983.000,3038.000,2961.000,3005.000,3603800,1517388,3003.000
2016-11-14,2876.000,2897.000,2733.000,2753.000,1911864,1418890,2802.000
2016-11-15,2751.000,2816.000,2737.000,2766.000,968096,1460664,2783.000
2016-11-16,2772.000,2815.000,2768.000,2814.000,792940,1490000,2798.000
2016-11-17,2806.000,2824.000,2791.000,2807.000,627792,1512236,2807.000
2016-11-18,2806.000,2815.000,2783.000,2798.000,612656,1533100,2798.000
2016-11-21,2805.000,2870.000,2793.000,2855.000,961766,1532500,2833.000
2016-11-22,2857.000,2954.000,2846.000,2925.000,1375784,1645454,2905.000
2016-11-23,2910.000,2980.000,2899.000,2948.000,1465972,1797588,2946.000
2016-11-24,2943.000,2994.000,2922.000,2939.000,1931774,1858216,2955.000
2016-11-25,2940.000,2969.000,2907.000,2928.000,1575230,1885924,2939.000
2016-11-28,2935.000,3024.000,2925.000,3011.000,3228392,2353596,2978.000
2016-11-29,3002.000,3021.000,2956.000,2975.000,2666768,2484760,2994.000
2016-11-30,2960.000,2975.000,2912.000,2936.000,2760452,2356402,2942.000
2016-12-01,2949.000,2982.000,2922.000,2936.000,2544438,2445624,2948.000
2016-12-02,2942.000,2947.000,2873.000,2894.000,2460846,2473292,2902.000
2016-12-05,2898.000,2921.000,2885.000,2916.000,1775874,2549002,2905.000
2016-12-06,2921.000,2954.000,2913.000,2928.000,1834742,2551144,2934.000
2016-12-07,2947.000,2962.000,2928.000,2946.000,1814784,2603702,2945.000
2016-12-08,2945.000,2951.000,2906.000,2913.000,1578560,2560658,2928.000
2016-12-09,2919.000,2922.000,2850.000,2875.000,2007858,2485692,2880.000
2016-12-12,2885.000,2946.000,2877.000,2931.000,1810192,2430948,2919.000
2016-12-13,2919.000,2949.000,2918.000,2948.000,1670636,2482942,2933.000
2016-12-14,2954.000,2960.000,2888.000,2893.000,2186760,2462556,2923.000
2016-12-15,2886.000,2913.000,2876.000,2907.000,1462288,2438398,2894.000
2016-12-16,2900.000,2935.000,2887.000,2909.000,1444496,2393664,2914.000
2016-12-19,2915.000,2936.000,2894.000,2913.000,1732208,2401560,2919.000
2016-12-20,2906.000,2916.000,2831.000,2833.000,2220678,2317256,2871.000
2016-12-21,2839.000,2846.000,2821.000,2825.000,1485620,2334276,2833.000
2016-12-22,2828.000,2841.000,2802.000,2804.000,1316386,2315702,2822.000
2016-12-23,2807.000,2826.000,2784.000,2803.000,1484234,2302816,2803.000
2016-12-26,2806.000,2817.000,2760.000,2769.000,1363484,2293368,2782.000
2016-12-27,2773.000,2818.000,2771.000,2811.000,1082348,2221362,2797.000
2016-12-28,2816.000,2853.000,2811.000,2840.000,1445182,2223984,2834.000
2016-12-29,2848.000,2849.000,2808.000,2832.000,1063462,2213572,2827.000
2016-12-30,2838.000,2845.000,2790.000,2803.000,1122562,2227124,2812.000
2017-01-02,2838.000,2845.000,2790.000,2803.000,1122500,2227100,0.000
2017-01-03,2796.000,2811.000,2769.000,2773.000,809118,2269460,2787.000
2017-01-04,2775.000,2796.000,2756.000,2792.000,1290250,2191136,2780.000
2017-01-05,2790.000,2818.000,2776.000,2786.000,1134786,2204112,2798.000
2017-01-06,2786.000,2802.000,2773.000,2791.000,863538,2197806,2785.000
2017-01-09,2790.000,2807.000,2761.000,2775.000,1293632,2251342,2779.000
2017-01-10,2775.000,2794.000,2754.000,2778.000,1272818,2266272,2772.000
2017-01-11,2774.000,2836.000,2773.000,2824.000,1997404,2287546,2810.000
2017-01-12,2820.000,2832.000,2800.000,2808.000,1103476,2316500,2817.000
2017-01-13,2811.000,2889.000,2809.000,2871.000,1638226,2288442,2859.000
2017-01-16,2873.000,2913.000,2863.000,2909.000,1353330,2245840,2890.000
2017-01-17,2917.000,2952.000,2896.000,2922.000,1493336,2173016,2924.000
2017-01-18,2927.000,2956.000,2909.000,2936.000,1788652,2207064,2931.000
2017-01-19,2933.000,2971.000,2927.000,2967.000,1487892,2199494,2950.000
2017-01-20,2966.000,2967.000,2926.000,2929.000,1081220,2077056,2945.000
2017-01-23,2932.000,2948.000,2915.000,2935.000,967394,2020200,2929.000
2017-01-24,2930.000,2944.000,2917.000,2939.000,795134,2006794,2932.000
2017-01-25,2938.000,2938.000,2881.000,2882.000,1093450,1917380,2901.000
2017-01-26,2885.000,2924.000,2885.000,2913.000,705932,1857500,2908.000
2017-02-03,2887.000,2912.000,2851.000,2889.000,630506,1873050,2889.000
2017-02-06,2888.000,2934.000,2886.000,2921.000,1596652,2157850,2911.000
2017-02-07,2924.000,2936.000,2912.000,2916.000,892698,2201328,2921.000
2017-02-08,2914.000,2967.000,2896.000,2965.000,1437878,2332566,2939.000
2017-02-09,2968.000,2985.000,2955.000,2964.000,1177440,2284898,2970.000
2017-02-10,2963.000,2999.000,2957.000,2997.000,1178690,2323924,2975.000
2017-02-13,2996.000,3028.000,2976.000,2985.000,1524206,2311794,3002.000
2017-02-14,2986.000,3008.000,2951.000,2956.000,1229388,2272244,2980.000
2017-02-15,2964.000,2968.000,2933.000,2937.000,1147160,2258876,2948.000
2017-02-16,2931.000,2990.000,2921.000,2955.000,1507112,2168468,2963.000
2017-02-17,2955.000,2985.000,2892.000,2906.000,2028018,2011988,2938.000
2017-02-20,2907.000,2924.000,2901.000,2916.000,879368,1972062,2912.000
2017-02-21,2917.000,2970.000,2914.000,2955.000,1389894,1966262,2945.000
2017-02-22,2955.000,2962.000,2906.000,2914.000,1152724,1934580,2931.000
2017-02-23,2919.000,2929.000,2877.000,2880.000,1305428,1874894,2904.000
2017-02-24,2880.000,2886.000,2852.000,2878.000,1089774,1834364,2871.000
2017-02-27,2880.000,2895.000,2865.000,2890.000,965244,1848434,2882.000
2017-02-28,2893.000,2899.000,2873.000,2881.000,934378,1841310,2884.000
2017-03-01,2882.000,2932.000,2878.000,2909.000,1570740,1762774,2909.000
2017-03-02,2916.000,2950.000,2909.000,2945.000,1074142,1736892,2930.000
2017-03-03,2940.000,2943.000,2913.000,2933.000,893762,1732534,2926.000
2017-03-06,2934.000,2965.000,2919.000,2962.000,1235364,1791880,2944.000
2017-03-07,2960.000,2970.000,2946.000,2951.000,992444,1752380,2955.000
2017-03-08,2948.000,2951.000,2900.000,2903.000,1220056,1664476,2919.000
2017-03-09,2900.000,2909.000,2887.000,2898.000,985134,1644378,2898.000
2017-03-10,2891.000,2901.000,2857.000,2860.000,1174750,1615210,2877.000
2017-03-13,2863.000,2884.000,2853.000,2874.000,914456,1544800,2868.000
2017-03-14,2872.000,2890.000,2839.000,2844.000,1203478,1530920,2861.000
2017-03-15,2840.000,2886.000,2825.000,2871.000,1161044,1436080,2859.000
2017-03-16,2890.000,2900.000,2872.000,2889.000,553812,1527242,2887.000
2017-03-17,2890.000,2896.000,2857.000,2875.000,612986,1604870,2873.000
2017-03-20,2874.000,2914.000,2861.000,2907.000,959790,1745374,2895.000
2017-03-21,2900.000,2916.000,2872.000,2877.000,1063812,1870528,2894.000
2017-03-22,2881.000,2884.000,2858.000,2875.000,1117262,2002054,2872.000
2017-03-23,2872.000,2882.000,2825.000,2827.000,1781858,2119364,2852.000
2017-03-24,2829.000,2848.000,2806.000,2813.000,1249086,2146658,2821.000
2017-03-27,2815.000,2818.000,2783.000,2807.000,1193478,2107942,2801.000
2017-03-28,2805.000,2813.000,2793.000,2801.000,1060160,2186788,2804.000
2017-03-29,2804.000,2819.000,2788.000,2816.000,1217214,2214330,2803.000
2017-03-30,2815.000,2817.000,2773.000,2785.000,1357636,2245112,2789.000
2017-03-31,2775.000,2800.000,2766.000,2780.000,790108,2212768,2784.000
2017-04-05,2740.000,2762.000,2733.000,2755.000,1049690,2359122,2749.000
2017-04-06,2756.000,2765.000,2743.000,2754.000,1151572,2465404,2753.000
2017-04-07,2755.000,2759.000,2723.000,2729.000,1305006,2406850,2737.000
2017-04-10,2735.000,2774.000,2732.000,2762.000,1442414,2375378,2751.000
2017-04-11,2763.000,2768.000,2745.000,2762.000,1049786,2468820,2757.000
2017-04-12,2757.000,2808.000,2740.000,2783.000,1824958,2444924,2779.000
2017-04-13,2789.000,2838.000,2783.000,2836.000,1558500,2448010,2809.000
2017-04-14,2837.000,2849.000,2824.000,2830.000,1426256,2356906,2835.000
2017-04-17,2835.000,2854.000,2814.000,2825.000,1433722,2473674,2829.000
2017-04-18,2823.000,2835.000,2809.000,2812.000,1340506,2485364,2820.000
2017-04-19,2810.000,2859.000,2793.000,2856.000,1941632,2543530,2820.000
2017-04-20,2834.000,2849.000,2821.000,2844.000,1621148,2510120,2836.000
2017-04-21,2846.000,2849.000,2817.000,2828.000,1170678,2536034,2830.000
2017-04-24,2833.000,2867.000,2817.000,2857.000,1542910,2615406,2846.000
2017-04-25,2858.000,2866.000,2840.000,2851.000,1083314,2611450,2855.000
2017-04-26,2850.000,2857.000,2804.000,2806.000,1614830,2554874,2829.000
2017-04-27,2810.000,2827.000,2790.000,2792.000,1366500,2517108,2805.000
2017-04-28,2796.000,2808.000,2787.000,2799.000,902756,2475800,2799.000
2017-05-02,2825.000,2884.000,2823.000,2879.000,1441082,2515604,2860.000
2017-05-03,2870.000,2873.000,2850.000,2861.000,1024048,2483980,2861.000
2017-05-04,2861.000,2875.000,2848.000,2869.000,1445900,2476900,2863.000
2017-05-05,2865.000,2888.000,2836.000,2841.000,2017480,2454184,2862.000
2017-05-08,2856.000,2868.000,2816.000,2818.000,1784408,2351434,2842.000
2017-05-09,2822.000,2827.000,2808.000,2817.000,1026774,2341432,2817.000
2017-05-10,2819.000,2841.000,2817.000,2838.000,906150,2297200,2831.000
2017-05-11,2837.000,2846.000,2812.000,2835.000,1300712,2346480,2828.000
2017-05-12,2829.000,2833.000,2788.000,2792.000,1545300,2434100,2811.000
2017-05-15,2794.000,2798.000,2778.000,2781.000,1091052,2455252,2787.000
2017-05-16,2791.000,2796.000,2758.000,2772.000,1151504,2509790,2774.000
2017-05-17,2778.000,2814.000,2774.000,2809.000,1127932,2362200,2795.000
2017-05-18,2814.000,2816.000,2755.000,2768.000,1232404,2403338,2778.000
2017-05-19,2751.000,2764.000,2732.000,2737.000,1705320,2529628,2744.000
2017-05-22,2741.000,2764.000,2727.000,2750.000,1534300,2567900,2747.000
2017-05-23,2749.000,2755.000,2734.000,2742.000,873936,2569700,2745.000
2017-05-24,2741.000,2748.000,2710.000,2733.000,1680700,2638900,2728.000
2017-05-25,2739.000,2741.000,2725.000,2732.000,712340,2623800,2733.000
2017-05-26,2730.000,2735.000,2690.000,2700.000,1365200,2712400,2707.000
2017-05-31,2668.000,2672.000,2604.000,2613.000,1518098,2753026,2635.000
2017-06-01,2618.000,2632.000,2614.000,2629.000,951688,2720400,2623.000
2017-06-02,2637.000,2650.000,2610.000,2627.000,1005804,2680396,2630.000
2017-06-05,2633.000,2670.000,2630.000,2650.000,1307918,2631000,2655.000
2017-06-06,2655.000,2665.000,2642.000,2650.000,842032,2614600,2652.000
2017-06-07,2652.000,2685.000,2647.000,2664.000,1282134,2617972,2668.000
2017-06-08,2675.000,2688.000,2668.000,2685.000,1100954,2638308,2679.000
2017-06-09,2690.000,2708.000,2685.000,2686.000,1054008,2584416,2693.000
2017-06-12,2693.000,2697.000,2665.000,2677.000,1291808,2581412,2679.000
2017-06-13,2668.000,2668.000,2647.000,2663.000,1148508,2552284,2656.000
2017-06-14,2664.000,2689.000,2663.000,2680.000,984284,2538772,2676.000
2017-06-15,2680.000,2689.000,2651.000,2664.000,1232390,2594886,2665.000
2017-06-16,2655.000,2705.000,2645.000,2687.000,1379718,2521732,2680.000
2017-06-19,2692.000,2731.000,2677.000,2709.000,1558108,2484560,2704.000
2017-06-20,2708.000,2716.000,2693.000,2711.000,915068,2423700,2705.000
2017-06-21,2700.000,2703.000,2684.000,2696.000,898338,2431078,2693.000
2017-06-22,2696.000,2703.000,2655.000,2658.000,1203530,2457152,2674.000
2017-06-23,2653.000,2661.000,2634.000,2645.000,1026780,2433844,2646.000
2017-06-26,2648.000,2664.000,2633.000,2657.000,877444,2358400,2650.000
2017-06-27,2662.000,2670.000,2651.000,2663.000,691016,2298800,2660.000
2017-06-28,2670.000,2680.000,2647.000,2658.000,970046,2341700,2662.000
2017-06-29,2658.000,2670.000,2653.000,2665.000,931290,2258500,2661.000
2017-06-30,2670.000,2691.000,2643.000,2655.000,1357794,2274202,2665.000
2017-07-03,2658.000,2788.000,2652.000,2780.000,1825034,2080446,2750.000
2017-07-04,2792.000,2804.000,2769.000,2798.000,1570472,2096392,2788.000
2017-07-05,2797.000,2808.000,2775.000,2792.000,895288,2056712,2791.000
2017-07-06,2790.000,2829.000,2789.000,2815.000,1542188,2024462,2812.000
2017-07-07,2810.000,2841.000,2807.000,2834.000,893160,1988100,2826.000
2017-07-10,2844.000,2943.000,2826.000,2919.000,2000796,1959536,2886.000
2017-07-11,2918.000,2948.000,2888.000,2930.000,1597000,1733700,2922.000
2017-07-12,2913.000,2930.000,2907.000,2914.000,1004978,1643514,2917.000
2017-07-13,2909.000,2926.000,2842.000,2849.000,1543238,1608410,2873.000
2017-07-14,2835.000,2849.000,2787.000,2803.000,1316922,1542914,2813.000
2017-07-17,2812.000,2832.000,2802.000,2810.000,905190,1513700,2814.000
2017-07-18,2825.000,2836.000,2808.000,2824.000,818614,1482552,2823.000
2017-07-19,2839.000,2856.000,2821.000,2826.000,795318,1464842,2838.000
2017-07-20,2830.000,2853.000,2826.000,2842.000,712538,1444244,2841.000
2017-07-21,2856.000,2876.000,2851.000,2869.000,917814,1431812,2864.000
2017-07-24,2861.000,2862.000,2789.000,2805.000,987632,1327848,2820.000
2017-07-25,2805.000,2871.000,2802.000,2864.000,838294,1263114,2842.000
2017-07-26,2878.000,2881.000,2819.000,2824.000,654894,1378928,2841.000
2017-07-27,2811.000,2844.000,2776.000,2828.000,530666,1375500,2819.000
2017-07-28,2841.000,2870.000,2833.000,2851.000,826692,1431610,2851.000
2017-07-31,2855.000,2879.000,2829.000,2844.000,736666,1435200,2848.000
2017-08-01,2840.000,2863.000,2835.000,2838.000,945596,1544100,2845.000
2017-08-02,2825.000,2837.000,2786.000,2796.000,1375242,1625138,2803.000
2017-08-03,2800.000,2807.000,2757.000,2760.000,1071826,1679996,2785.000
2017-08-04,2760.000,2774.000,2752.000,2768.000,907282,1713000,2764.000
2017-08-07,2772.000,2795.000,2767.000,2775.000,969450,1737600,2777.000
2017-08-08,2780.000,2825.000,2777.000,2819.000,1178400,1677100,2805.000
2017-08-09,2820.000,2828.000,2809.000,2820.000,905224,1673600,2817.000
2017-08-10,2820.000,2835.000,2810.000,2829.000,1029814,1757888,2822.000
2017-08-11,2836.000,2855.000,2723.000,2725.000,2131214,1583006,2769.000
2017-08-14,2738.000,2742.000,2718.000,2734.000,913516,1550600,2731.000
2017-08-15,2730.000,2740.000,2721.000,2728.000,805784,1540200,2730.000
2017-08-16,2721.000,2727.000,2705.000,2716.000,783802,1564300,2715.000
2017-08-17,2719.000,2734.000,2712.000,2725.000,870850,1565000,2722.000
2017-08-18,2730.000,2735.000,2724.000,2727.000,670208,1578800,2730.000
2017-08-21,2724.000,2737.000,2718.000,2727.000,941288,1648700,2727.000
2017-08-22,2726.000,2744.000,2697.000,2739.000,1444050,1663602,2724.000
2017-08-23,2730.000,2743.000,2728.000,2734.000,1051594,1680570,2734.000
2017-08-24,2737.000,2743.000,2709.000,2724.000,1200884,1767646,2722.000
2017-08-25,2726.000,2738.000,2720.000,2735.000,807670,1714700,2731.000
2017-08-28,2741.000,2754.000,2731.000,2746.000,1009332,1761520,2742.000
2017-08-29,2748.000,2748.000,2720.000,2723.000,912880,1782900,2729.000
2017-08-30,2716.000,2722.000,2703.000,2707.000,890384,1861264,2714.000
2017-08-31,2706.000,2710.000,2692.000,2697.000,791420,1887800,2699.000
2017-09-01,2695.000,2720.000,2690.000,2705.000,1035906,1890296,2708.000
2017-09-04,2708.000,2734.000,2700.000,2726.000,1020340,1889532,2716.000
2017-09-05,2726.000,2735.000,2721.000,2727.000,739104,1873500,2728.000
2017-09-06,2732.000,2750.000,2729.000,2737.000,1091608,1865810,2739.000
2017-09-07,2741.000,2750.000,2730.000,2742.000,943724,1822500,2740.000
2017-09-08,2741.000,2749.000,2710.000,2717.000,1195144,1853534,2731.000
2017-09-11,2718.000,2728.000,2706.000,2725.000,857258,1798100,2720.000
2017-09-12,2722.000,2730.000,2713.000,2722.000,749448,1864600,2721.000
2017-09-13,2722.000,2738.000,2685.000,2690.000,1789078,1958260,2711.000
2017-09-14,2691.000,2719.000,2690.000,2713.000,966532,1842800,2705.000
2017-09-15,2720.000,2743.000,2716.000,2738.000,1386540,1822900,2734.000
2017-09-18,2731.000,2744.000,2710.000,2741.000,1158322,1792144,2730.000
2017-09-19,2735.000,2759.000,2730.000,2730.000,1284218,1877552,2741.000
2017-09-20,2731.000,2737.000,2717.000,2730.000,721788,1834200,2726.000
2017-09-21,2732.000,2748.000,2730.000,2741.000,915492,1883000,2739.000
2017-09-22,2739.000,2800.000,2732.000,2790.000,1811852,2129772,2770.000
2017-09-25,2791.000,2816.000,2788.000,2809.000,1371604,2111194,2803.000
2017-09-26,2806.000,2809.000,2776.000,2787.000,872936,1997300,2789.000
2017-09-27,2780.000,2784.000,2765.000,2783.000,763092,1979400,2774.000
2017-09-28,2779.000,2787.000,2755.000,2762.000,931008,1843200,2771.000
2017-09-29,2763.000,2780.000,2723.000,2729.000,1177762,1642354,2751.000
2017-10-09,2896.000,2896.000,2788.000,2827.000,60,234,2855.000
2017-10-10,2782.000,2794.000,2771.000,2774.000,689826,1626400,2781.000
2017-10-11,2781.000,2791.000,2762.000,2764.000,697172,1651400,2774.000
2017-10-12,2766.000,2778.000,2763.000,2769.000,456060,1595700,2769.000
2017-10-13,2769.000,2855.000,2765.000,2855.000,1226306,1663774,2827.000
2017-10-16,2860.000,2871.000,2846.000,2852.000,888542,1614844,2856.000
2017-10-17,2852.000,2879.000,2836.000,2842.000,804128,1642600,2852.000
2017-10-18,2838.000,2845.000,2829.000,2837.000,635958,1621300,2836.000
2017-10-19,2840.000,2855.000,2835.000,2851.000,678364,1657400,2846.000
2017-10-20,2853.000,2861.000,2844.000,2852.000,594794,1658400,2852.000
2017-10-23,2855.000,2874.000,2816.000,2835.000,1013442,1693784,2843.000
2017-10-24,2830.000,2843.000,2822.000,2822.000,617776,1641200,2831.000
2017-10-25,2820.000,2835.000,2812.000,2830.000,664920,1681100,2825.000
2017-10-26,2832.000,2840.000,2812.000,2817.000,681112,1635700,2825.000
2017-10-27,2822.000,2827.000,2794.000,2797.000,773682,1600232,2809.000
2017-10-30,2801.000,2815.000,2796.000,2803.000,541254,1539164,2805.000
2017-10-31,2803.000,2807.000,2785.000,2792.000,594660,1600062,2795.000
2017-11-01,2792.000,2807.000,2784.000,2797.000,582038,1583462,0.000
2017-11-02,2797.000,2816.000,2787.000,2801.000,748358,1560468,0.000
2017-11-03,2802.000,2818.000,2802.000,2809.000,618700,1551288,0.000
2017-11-06,2806.000,2811.000,2780.000,2784.000,796450,1539296,0.000
2017-11-07,2782.000,2806.000,2781.000,2794.000,548642,1515846,0.000
2017-11-08,2791.000,2807.000,2786.000,2804.000,516462,1527200,0.000
2017-11-09,2804.000,2823.000,2799.000,2819.000,656712,1533650,0.000
2017-11-10,2822.000,2828.000,2783.000,2794.000,771750,1505356,0.000
2017-11-13,2795.000,2834.000,2794.000,2834.000,679160,1476832,0.000
2017-11-14,2828.000,2841.000,2812.000,2820.000,763284,1420900,0.000
2017-11-15,2819.000,2842.000,2808.000,2832.000,1004436,1454372,0.000
2017-11-16,2835.000,2869.000,2827.000,2861.000,995200,1427832,0.000
2017-11-17,2858.000,2869.000,2845.000,2850.000,729410,1452140,0.000
2017-11-20,2855.000,2909.000,2843.000,2897.000,1022534,1410860,0.000
2017-11-21,2897.000,2931.000,2888.000,2921.000,818274,1385472,0.000
2017-11-22,2826.000,2839.000,2814.000,2826.000,483304,1453542,0.000
2017-11-23,2835.000,2855.000,2818.000,2821.000,765862,1521616,0.000
2017-11-24,2822.000,2849.000,2822.000,2842.000,385232,1592312,0.000
2017-11-27,2843.000,2855.000,2820.000,2823.000,793296,1664764,0.000
2017-11-28,2831.000,2845.000,2819.000,2832.000,609122,1689878,0.000
2017-11-29,2828.000,2835.000,2817.000,2822.000,499208,1677694,0.000
2017-11-30,2823.000,2838.000,2810.000,2816.000,675944,1684700,0.000
2017-12-01,2816.000,2816.000,2791.000,2800.000,685906,1645184,0.000
2017-12-04,2801.000,2874.000,2801.000,2871.000,1119594,1824170,0.000
2017-12-05,2870.000,2878.000,2859.000,2864.000,657768,1796226,0.000
2017-12-06,2870.000,2927.000,2870.000,2912.000,1313822,1991050,0.000
2017-12-07,2915.000,2917.000,2871.000,2880.000,1141444,1940536,0.000
2017-12-08,2865.000,2882.000,2855.000,2875.000,903280,1953444,0.000
2017-12-11,2880.000,2885.000,2838.000,2850.000,993028,1895126,0.000
2017-12-12,2840.000,2858.000,2838.000,2844.000,647512,1869982,0.000
2017-12-13,2841.000,2847.000,2829.000,2842.000,686548,1908404,0.000
2017-12-14,2840.000,2852.000,2822.000,2823.000,798108,1877782,0.000
2017-12-15,2822.000,2829.000,2809.000,2811.000,780636,1887940,0.000
2017-12-18,2816.000,2822.000,2805.000,2815.000,639710,1861032,0.000
2017-12-19,2818.000,2834.000,2808.000,2818.000,824612,1926396,0.000
2017-12-20,2818.000,2825.000,2800.000,2804.000,752574,1913522,0.000
2017-12-21,2806.000,2809.000,2787.000,2790.000,770660,1916428,0.000
2017-12-22,2790.000,2800.000,2785.000,2786.000,530614,1896012,0.000
2017-12-25,2791.000,2806.000,2789.000,2794.000,529378,1901608,0.000
2017-12-26,2796.000,2826.000,2794.000,2820.000,665858,1940728,0.000
2017-12-27,2822.000,2830.000,2811.000,2824.000,695078,1938862,0.000
2017-12-28,2822.000,2824.000,2801.000,2806.000,611406,1989890,0.000
2017-12-29,2805.000,2807.000,2756.000,2761.000,997662,1996114,0.000
2018-01-02,2770.000,2777.000,2762.000,2765.000,391182,1964960,0.000
2018-01-03,2767.000,2783.000,2766.000,2773.000,600912,2020708,0.000
2018-01-04,2774.000,2775.000,2761.000,2770.000,494492,1995102,0.000
2018-01-05,2767.000,2780.000,2750.000,2775.000,789014,2007272,0.000
2018-01-08,2785.000,2786.000,2766.000,2767.000,532642,1965854,0.000
2018-01-09,2771.000,2789.000,2768.000,2776.000,647804,1982990,0.000
2018-01-10,2771.000,2777.000,2764.000,2768.000,446048,1985234,0.000
2018-01-11,2768.000,2771.000,2745.000,2754.000,673034,1999108,0.000
2018-01-12,2759.000,2759.000,2725.000,2729.000,710122,1973420,0.000
2018-01-15,2730.000,2769.000,2720.000,2757.000,743010,1952462,0.000
2018-01-16,2759.000,2765.000,2748.000,2754.000,551472,1933140,0.000
2018-01-17,2731.000,2770.000,2731.000,2770.000,684094,1961570,0.000
2018-01-18,2769.000,2779.000,2758.000,2767.000,582262,1943568,0.000
2018-01-19,2767.000,2783.000,2762.000,2780.000,566124,1953974,0.000
2018-01-22,2784.000,2792.000,2774.000,2786.000,577842,1881036,0.000
2018-01-23,2790.000,2796.000,2777.000,2784.000,546660,1896438,0.000
2018-01-24,2788.000,2789.000,2757.000,2758.000,740850,1893020,0.000
2018-01-25,2760.000,2783.000,2758.000,2781.000,610790,1870492,0.000
2018-01-26,2781.000,2785.000,2753.000,2771.000,555146,1862222,0.000
2018-01-29,2768.000,2812.000,2761.000,2808.000,980678,1942662,0.000
2018-01-30,2807.000,2812.000,2792.000,2804.000,685532,1944584,0.000
2018-01-31,2808.000,2822.000,2799.000,2815.000,618720,1903506,0.000
2018-02-01,2803.000,2808.000,2792.000,2799.000,569754,1926680,0.000
2018-02-02,2794.000,2796.000,2762.000,2767.000,688628,1906800,0.000
2018-02-05,2770.000,2778.000,2763.000,2769.000,450010,1865758,0.000
2018-02-06,2764.000,2776.000,2757.000,2764.000,510660,1888812,0.000
2018-02-07,2773.000,2810.000,2771.000,2805.000,743306,1875420,0.000
2018-02-08,2795.000,2808.000,2791.000,2806.000,520152,1875152,0.000
2018-02-09,2813.000,2819.000,2794.000,2801.000,570014,1807036,0.000
2018-02-12,2799.000,2843.000,2793.000,2841.000,749848,1868784,0.000
2018-02-13,2835.000,2859.000,2833.000,2843.000,614514,1821062,0.000
2018-02-14,2848.000,2865.000,2847.000,2857.000,496508,1776822,0.000
2018-02-22,2928.000,2962.000,2918.000,2959.000,850812,1757134,0.000
2018-02-23,2949.000,2962.000,2945.000,2957.000,705288,1817934,0.000
2018-02-26,2964.000,2995.000,2959.000,2972.000,1077356,1860838,0.000
2018-02-27,2978.000,2994.000,2967.000,2972.000,723744,1863690,0.000
2018-02-28,2977.000,3015.000,2969.000,3008.000,1024922,1982354,0.000
2018-03-01,3010.000,3057.000,3000.000,3054.000,1373052,2072020,0.000
2018-03-02,3045.000,3159.000,3039.000,3129.000,2708166,2079598,0.000
2018-03-05,3130.000,3148.000,3103.000,3120.000,1731452,2032830,0.000
2018-03-06,3124.000,3142.000,3103.000,3123.000,1491098,2004756,0.000
2018-03-07,3123.000,3158.000,3108.000,3117.000,1935898,1910948,0.000
2018-03-08,3112.000,3133.000,3093.000,3115.000,1329674,1853248,0.000
2018-03-09,3110.000,3146.000,3078.000,3097.000,2006170,1823204,0.000
2018-03-12,3087.000,3091.000,3035.000,3054.000,1746274,1709602,3056.000
2018-03-13,3045.000,3082.000,3045.000,3060.000,995948,1629774,3062.000
2018-03-14,3066.000,3074.000,3051.000,3065.000,799768,1585400,3064.000
2018-03-15,3022.000,3024.000,2974.000,2995.000,711332,1741000,2995.000
2018-03-16,3006.000,3045.000,2990.000,3036.000,1099756,2006180,3022.000
2018-03-19,3034.000,3044.000,2990.000,2993.000,978914,2051600,3011.000
2018-03-20,2987.000,2993.000,2964.000,2979.000,964638,2065008,2978.000
2018-03-21,2976.000,3004.000,2974.000,2993.000,724214,2149000,2989.000
2018-03-22,2998.000,3016.000,2994.000,3000.000,1073702,2192530,3005.000
2018-03-23,3000.000,3128.000,2999.000,3046.000,3043184,2326762,3048.000
2018-03-26,3038.000,3122.000,3003.000,3090.000,2765074,2367014,3068.000
2018-03-27,3086.000,3093.000,3037.000,3057.000,1460026,2426670,3061.000
2018-03-28,3061.000,3077.000,3035.000,3044.000,1460166,2422690,3055.000
2018-03-29,3041.000,3042.000,3010.000,3018.000,1328650,2449716,3022.000
2018-03-30,3015.000,3173.000,3014.000,3158.000,3182996,2763344,3118.000
2018-04-02,3160.000,3205.000,3150.000,3163.000,1983294,2818482,3171.000
2018-04-03,3165.000,3175.000,3134.000,3161.000,1758678,2839654,3155.000
2018-04-04,3161.000,3230.000,3154.000,3223.000,2755846,2850216,3193.000
2018-04-09,3397.000,3400.000,3285.000,3327.000,3875988,2923706,3340.000
2018-04-10,3325.000,3343.000,3239.000,3251.000,3801500,2893200,3291.000
2018-04-11,3250.000,3263.000,3207.000,3247.000,2380494,3024840,3237.000
2018-04-12,3251.000,3253.000,3213.000,3220.000,1697642,3061478,3229.000
2018-04-13,3220.000,3261.000,3206.000,3229.000,1920024,3152404,3230.000
2018-04-16,3229.000,3232.000,3185.000,3202.000,1612696,3135498,3209.000
2018-04-17,3211.000,3272.000,3171.000,3265.000,2431826,3259078,3204.000
2018-04-18,3256.000,3262.000,3198.000,3228.000,2287228,3189154,3227.000
2018-04-19,3226.000,3228.000,3191.000,3214.000,1721680,3179034,3210.000
2018-04-20,3209.000,3252.000,3203.000,3232.000,1821514,3242630,3226.000
2018-04-23,3228.000,3260.000,3192.000,3205.000,1998034,3223108,3217.000
2018-04-24,3205.000,3213.000,3192.000,3194.000,1291936,3222838,3202.000
2018-04-25,3194.000,3232.000,3186.000,3202.000,1813960,3224772,3209.000
2018-04-26,3203.000,3203.000,3172.000,3176.000,1506362,3193662,3189.000
2018-04-27,3181.000,3181.000,3131.000,3168.000,1856868,3145866,3156.000
2018-05-02,3220.000,3236.000,3188.000,3226.000,1160376,3105534,3219.000
2018-05-03,3223.000,3232.000,3201.000,3224.000,1044346,3103410,3221.000
2018-05-04,3221.000,3225.000,3178.000,3206.000,1496444,3109756,3205.000
2018-05-07,3210.000,3244.000,3156.000,3157.000,1968878,3100424,3200.000
2018-05-08,3158.000,3169.000,3086.000,3089.000,2267858,3053704,3121.000
2018-05-09,3095.000,3111.000,3080.000,3106.000,1367256,3029932,3097.000
2018-05-10,3102.000,3120.000,3093.000,3115.000,946712,3028100,3104.000
2018-05-11,3114.000,3118.000,3068.000,3074.000,1199272,3007016,3088.000
2018-05-14,3065.000,3080.000,3022.000,3030.000,1650616,3018126,3057.000
2018-05-15,3032.000,3065.000,3022.000,3028.000,1451284,2985440,3041.000
2018-05-16,3028.000,3030.000,2932.000,2971.000,2592460,2928624,2974.000
2018-05-17,2972.000,3002.000,2942.000,2976.000,1960050,2819076,2972.000
2018-05-18,2977.000,2990.000,2923.000,2961.000,1695004,2803916,2960.000
2018-05-21,2953.000,2974.000,2933.000,2956.000,1580462,2804740,2952.000
2018-05-22,2952.000,2976.000,2945.000,2958.000,1083814,2752862,2958.000
2018-05-23,2970.000,3001.000,2957.000,2980.000,1585342,2759730,2981.000
2018-05-24,2977.000,3048.000,2974.000,3044.000,1693602,2724850,3012.000
2018-05-25,3040.000,3055.000,3016.000,3024.000,961146,2657200,3030.000
2018-05-28,3030.000,3049.000,3020.000,3036.000,912362,2604600,3034.000
2018-05-29,3038.000,3081.000,3032.000,3076.000,1121916,2594106,3060.000
2018-05-30,3060.000,3077.000,3036.000,3045.000,1677336,2543676,3054.000
2018-05-31,3042.000,3049.000,3002.000,3020.000,1405612,2507872,3021.000
2018-06-01,3026.000,3044.000,3023.000,3029.000,879500,2475800,3032.000
2018-06-04,3034.000,3061.000,3011.000,3042.000,1231834,2453542,3034.000
2018-06-05,3041.000,3049.000,2977.000,3011.000,1299618,2387612,3014.000
2018-06-06,3011.000,3020.000,2998.000,3013.000,663426,2334300,3009.000
2018-06-07,3003.000,3013.000,2972.000,2985.000,884572,2341986,2990.000
2018-06-08,2985.000,2989.000,2856.000,2893.000,1983874,2317866,2920.000
2018-06-11,2899.000,2928.000,2893.000,2906.000,952080,2255406,2908.000
2018-06-12,2904.000,2915.000,2885.000,2910.000,867878,2199870,2904.000
2018-06-13,2910.000,2958.000,2907.000,2940.000,1158428,2152148,2926.000
2018-06-14,2946.000,2961.000,2928.000,2947.000,997870,2097802,2944.000
2018-06-15,2951.000,2979.000,2922.000,2935.000,1419338,2036690,2949.000
2018-06-19,3095.000,3095.000,3013.000,3054.000,2253310,1943588,3057.000
2018-06-20,3055.000,3077.000,3010.000,3044.000,1903010,1889518,3045.000
2018-06-21,3046.000,3055.000,3001.000,3012.000,1145386,1809544,3027.000
2018-06-22,3019.000,3024.000,2936.000,2968.000,1436918,1761910,2975.000
2018-06-25,2974.000,3014.000,2968.000,3004.000,856898,1732400,2993.000
2018-06-26,3002.000,3082.000,2986.000,3058.000,1789930,1784326,3038.000
2018-06-27,3061.000,3146.000,3047.000,3126.000,2367654,1993300,3097.000
2018-06-28,3128.000,3136.000,3091.000,3119.000,1755518,1872034,3117.000
2018-06-29,3122.000,3150.000,3108.000,3140.000,1475800,1836500,3129.000
2018-07-02,3226.000,3258.000,3202.000,3252.000,920306,1936700,3230.000
2018-07-03,3246.000,3256.000,3172.000,3217.000,938136,1952768,3217.000
2018-07-04,3220.000,3241.000,3183.000,3193.000,971818,1936600,3212.000
2018-07-05,3193.000,3205.000,3148.000,3199.000,790520,1913600,3180.000
2018-07-06,3193.000,3229.000,3090.000,3162.000,1905414,1877206,3169.000
2018-07-09,3168.000,3204.000,3144.000,3166.000,866340,1899500,3175.000
2018-07-10,3150.000,3150.000,3106.000,3129.000,917062,1926400,3125.000
2018-07-11,3131.000,3184.000,3120.000,3138.000,1106848,1878030,3145.000
2018-07-12,3141.000,3155.000,3111.000,3118.000,747818,1863500,3134.000
2018-07-13,3119.000,3124.000,3087.000,3089.000,664464,1877700,3104.000
2018-07-16,3087.000,3095.000,3063.000,3088.000,550816,1820600,3080.000
2018-07-17,3085.000,3137.000,3081.000,3126.000,700076,1810274,3116.000
2018-07-18,3126.000,3142.000,3114.000,3115.000,499844,1809700,3126.000
2018-07-19,3119.000,3136.000,3106.000,3135.000,437766,1801600,3123.000
2018-07-20,3140.000,3172.000,3133.000,3157.000,724934,1872000,3155.000
2018-07-23,3158.000,3177.000,3148.000,3154.000,541740,1844400,3162.000
2018-07-24,3155.000,3174.000,3138.000,3159.000,828270,1897874,3154.000
2018-07-25,3164.000,3196.000,3155.000,3180.000,1015312,1981026,3178.000
2018-07-26,3182.000,3207.000,3165.000,3200.000,1038174,1973382,3191.000
2018-07-27,3212.000,3212.000,3173.000,3181.000,787092,1948600,3189.000
2018-07-30,3189.000,3232.000,3183.000,3227.000,1030788,1994178,3213.000
2018-07-31,3232.000,3246.000,3220.000,3228.000,823966,2014316,3232.000
2018-08-01,3240.000,3264.000,3168.000,3181.000,2243784,1982688,3204.000
2018-08-02,3190.000,3204.000,3180.000,3197.000,907108,1918200,3192.000
2018-08-03,3200.000,3209.000,3160.000,3163.000,1258286,1940354,3184.000
2018-08-06,3165.000,3205.000,3153.000,3203.000,1022506,1930268,3182.000
2018-08-07,3202.000,3232.000,3187.000,3224.000,1034678,1964820,3211.000
2018-08-08,3223.000,3302.000,3208.000,3289.000,1881458,2107088,3246.000
2018-08-09,3290.000,3317.000,3271.000,3279.000,1820222,2212776,3292.000
2018-08-10,3280.000,3299.000,3265.000,3279.000,1204398,2232768,3281.000
2018-08-13,3278.000,3292.000,3175.000,3206.000,1692594,2110442,3226.000
2018-08-14,3208.000,3264.000,3196.000,3260.000,1238714,2135920,3241.000
2018-08-15,3274.000,3301.000,3262.000,3292.000,1560430,2196036,3283.000
2018-08-16,3285.000,3304.000,3227.000,3240.000,2437910,2142962,3261.000
2018-08-17,3240.000,3252.000,3219.000,3224.000,1225868,2141960,3236.000
2018-08-20,3227.000,3246.000,3155.000,3183.000,1569454,2029418,3190.000
2018-08-21,3190.000,3190.000,3166.000,3182.000,872858,2012000,3178.000
2018-08-22,3181.000,3227.000,3168.000,3201.000,1250622,1989186,3189.000
2018-08-23,3200.000,3216.000,3110.000,3116.000,2124674,2069168,3165.000
2018-08-24,3110.000,3145.000,3107.000,3128.000,1291452,2003458,3129.000
2018-08-27,3122.000,3142.000,3024.000,3042.000,2310716,1985740,3073.000
2018-08-28,3041.000,3068.000,3036.000,3050.000,1131390,1974506,3052.000
2018-08-29,3052.000,3077.000,3049.000,3067.000,1278066,2027680,3063.000
2018-08-30,3076.000,3119.000,3071.000,3110.000,1580686,2053030,3098.000
2018-08-31,3102.000,3123.000,3082.000,3102.000,1222598,2068572,3100.000
2018-09-03,3103.000,3145.000,3097.000,3132.000,1243258,2104350,3121.000
2018-09-04,3129.000,3138.000,3103.000,3120.000,1104616,2086890,3117.000
2018-09-05,3121.000,3144.000,3112.000,3116.000,1199296,2148868,3126.000
2018-09-06,3110.000,3123.000,3091.000,3120.000,1005120,2161102,3107.000
2018-09-07,3121.000,3137.000,3105.000,3125.000,1443918,2282844,3121.000
2018-09-10,3132.000,3217.000,3118.000,3178.000,2369574,2453370,3168.000
2018-09-11,3184.000,3195.000,3166.000,3187.000,1166432,2416898,3180.000
2018-09-12,3182.000,3203.000,3170.000,3183.000,1646158,2416328,3185.000
2018-09-13,3180.000,3194.000,3077.000,3099.000,2389390,2305102,3123.000
2018-09-14,3107.000,3136.000,3099.000,3120.000,1263198,2253972,3120.000
2018-09-17,3120.000,3172.000,3117.000,3158.000,1199068,2258234,3147.000
2018-09-18,3159.000,3203.000,3152.000,3179.000,1466530,2313430,3177.000
2018-09-19,3178.000,3187.000,3161.000,3177.000,849728,2293900,3174.000
2018-09-20,3181.000,3207.000,3164.000,3173.000,1348150,2274982,3184.000
2018-09-21,3176.000,3203.000,3168.000,3195.000,1043204,2244290,3188.000
2018-09-25,3210.000,3305.000,3210.000,3274.000,1680452,2440722,3264.000
2018-09-26,3284.000,3318.000,3277.000,3292.000,1440310,2523788,3296.000
2018-09-27,3292.000,3335.000,3275.000,3324.000,1068404,2546780,3298.000
2018-09-28,3332.000,3376.000,3306.000,3367.000,1573216,2527708,3345.000
2018-10-08,3420.000,3457.000,3412.000,3449.000,1127932,2572182,3436.000
2018-10-09,3450.000,3528.000,3443.000,3487.000,2264030,2623758,3481.000
2018-10-10,3481.000,3515.000,3463.000,3513.000,1718506,2667158,3485.000
2018-10-11,3504.000,3539.000,3478.000,3497.000,2124362,2674894,3506.000
2018-10-12,3497.000,3520.000,3431.000,3441.000,3036066,2473052,3464.000
2018-10-15,3444.000,3469.000,3407.000,3433.000,2244296,2369964,3438.000
2018-10-16,3432.000,3461.000,3402.000,3425.000,2169196,2248416,3428.000
2018-10-17,3424.000,3449.000,3397.000,3449.000,1858400,2224800,3417.000
2018-10-18,3449.000,3483.000,3421.000,3435.000,1827036,2162754,3450.000
2018-10-19,3431.000,3458.000,3418.000,3440.000,1309668,2206576,3436.000
2018-10-22,3439.000,3439.000,3370.000,3370.000,2364450,2048568,3395.000
2018-10-23,3370.000,3386.000,3359.000,3370.000,1039214,2002558,3374.000
2018-10-24,3370.000,3413.000,3363.000,3412.000,1240896,2030084,3392.000
2018-10-25,3412.000,3424.000,3387.000,3391.000,1450086,1963770,3405.000
2018-10-26,3394.000,3398.000,3368.000,3397.000,1461274,1946934,3383.000
2018-10-29,3397.000,3410.000,3337.000,3349.000,1902240,1922534,3369.000
2018-10-30,3349.000,3353.000,3293.000,3309.000,1583364,1802694,3317.000
2018-10-31,3310.000,3329.000,3304.000,3307.000,896206,1736100,3315.000
2018-11-01,3307.000,3322.000,3235.000,3260.000,1888050,1624698,3268.000
2018-11-02,3262.000,3282.000,3105.000,3105.000,3109848,1434546,3152.000
2018-11-05,3069.000,3150.000,3050.000,3142.000,2140842,1324000,3115.000
2018-11-06,3150.000,3184.000,3149.000,3158.000,1420634,1342028,3168.000
2018-11-07,3160.000,3208.000,3147.000,3198.000,1559148,1331078,3177.000
2018-11-08,3195.000,3207.000,3104.000,3152.000,1701282,1292392,3158.000
2018-11-09,3147.000,3157.000,3120.000,3142.000,1074606,1278676,3139.000
2018-11-12,3142.000,3149.000,3115.000,3138.000,1037394,1263028,3135.000
2018-11-13,3145.000,3156.000,3086.000,3119.000,1085110,1224648,3117.000
2018-11-14,3118.000,3118.000,3058.000,3078.000,914578,1205200,3087.000
2018-11-15,3082.000,3093.000,3034.000,3054.000,1088628,1187150,3061.000
2018-11-16,3050.000,3164.000,3045.000,3158.000,1497636,1176176,3116.000
2018-11-19,3158.000,3160.000,3121.000,3124.000,747900,1151176,3137.000
2018-11-20,3121.000,3152.000,3090.000,3124.000,1238322,1132646,3117.000
2018-11-21,3131.000,3181.000,3102.000,3170.000,1352148,1185116,3147.000
2018-11-22,3168.000,3169.000,3131.000,3154.000,746114,1159160,3148.000
2018-11-23,3156.000,3167.000,3070.000,3116.000,1134578,1101228,3126.000
2018-11-26,3116.000,3121.000,3012.000,3040.000,1209226,1043592,3074.000
2018-11-27,2680.000,2711.000,2641.000,2663.000,673626,1130600,2672.000
2018-11-28,2668.000,2707.000,2665.000,2699.000,328802,1108586,2689.000
2018-11-29,2702.000,2733.000,2698.000,2720.000,445134,1123900,2716.000
2018-11-30,2716.000,2729.000,2703.000,2716.000,322796,1156600,2717.000
2018-12-03,2716.000,2746.000,2675.000,2720.000,854662,1186754,2715.000
2018-12-04,2740.000,2740.000,2654.000,2682.000,979892,1195594,2685.000
2018-12-05,2690.000,2725.000,2680.000,2718.000,807028,1129800,2703.000
2018-12-06,2722.000,2744.000,2709.000,2716.000,747532,1093100,2727.000
2018-12-07,2712.000,2730.000,2692.000,2711.000,818760,1124850,2709.000
2018-12-10,2705.000,2718.000,2666.000,2681.000,881288,1198600,2687.000
2018-12-11,2685.000,2697.000,2666.000,2684.000,791662,1196186,2682.000
2018-12-12,2686.000,2705.000,2661.000,2701.000,858282,1212000,2687.000
2018-12-13,2703.000,2711.000,2684.000,2702.000,837998,1231500,2698.000
2018-12-14,2702.000,2707.000,2630.000,2662.000,1640344,1340982,2660.000
2018-12-17,2665.000,2670.000,2641.000,2652.000,866592,1331400,2658.000
2018-12-18,2650.000,2672.000,2640.000,2668.000,913908,1350440,2657.000
2018-12-19,2672.000,2684.000,2660.000,2674.000,727882,1329938,2672.000
2018-12-20,2676.000,2679.000,2651.000,2663.000,772440,1327000,2666.000
2018-12-21,2670.000,2670.000,2641.000,2649.000,809714,1387900,2655.000
2018-12-24,2647.000,2661.000,2604.000,2623.000,1313078,1509792,2628.000
2018-12-25,2622.000,2641.000,2619.000,2631.000,918434,1488400,2631.000
2018-12-26,2632.000,2641.000,2621.000,2634.000,758264,1470724,2632.000
2018-12-27,2640.000,2652.000,2616.000,2625.000,840352,1505100,2632.000
2018-12-28,2625.000,2633.000,2610.000,2625.000,769232,1486200,2620.000
2019-01-02,2625.000,2649.000,2622.000,2646.000,493862,1482564,2639.000
2019-01-03,2646.000,2664.000,2641.000,2661.000,737256,1475300,2654.000
2019-01-04,2663.000,2703.000,2659.000,2698.000,1152956,1473888,2687.000
2019-01-07,2695.000,2715.000,2685.000,2697.000,1069944,1443010,2698.000
2019-01-08,2707.000,2708.000,2674.000,2677.000,807798,1435100,2688.000
2019-01-09,2679.000,2682.000,2665.000,2674.000,779458,1457700,2674.000
2019-01-10,2674.000,2688.000,2658.000,2670.000,946396,1469400,2673.000
2019-01-11,2669.000,2673.000,2625.000,2628.000,1049460,1549208,2641.000
2019-01-14,2629.000,2633.000,2556.000,2566.000,1632356,1683404,2588.000
2019-01-15,2563.000,2583.000,2555.000,2577.000,919730,1694122,2570.000
2019-01-16,2576.000,2584.000,2524.000,2535.000,1656302,1864480,2545.000
2019-01-17,2537.000,2554.000,2531.000,2538.000,1159214,1959772,2540.000
2019-01-18,2539.000,2567.000,2526.000,2560.000,1473842,1922604,2549.000
2019-01-21,2569.000,2589.000,2556.000,2585.000,1328400,1908048,2572.000
2019-01-22,2585.000,2594.000,2557.000,2580.000,1237308,1910048,2576.000
2019-01-23,2584.000,2594.000,2565.000,2585.000,1150990,1873434,2581.000
2019-01-24,2585.000,2611.000,2579.000,2599.000,1265934,1859338,2593.000
2019-01-25,2596.000,2605.000,2575.000,2586.000,1035412,1831544,2589.000
2019-01-28,2588.000,2597.000,2578.000,2582.000,809362,1823200,2587.000
2019-01-29,2582.000,2587.000,2538.000,2560.000,1203676,1819752,2561.000
2019-01-30,2561.000,2565.000,2547.000,2552.000,667690,1802700,2555.000
2019-01-31,2555.000,2591.000,2554.000,2589.000,985564,1725146,2570.000
2019-02-01,2590.000,2629.000,2575.000,2586.000,1385528,1658070,2598.000
2019-02-11,2576.000,2610.000,2559.000,2602.000,943738,1703500,2589.000
2019-02-12,2597.000,2623.000,2594.000,2616.000,1176262,1787732,2608.000
2019-02-13,2616.000,2624.000,2591.000,2620.000,1191278,1753602,2610.000
2019-02-14,2614.000,2635.000,2597.000,2605.000,1269320,1761050,2612.000
2019-02-15,2605.000,2607.000,2572.000,2581.000,1066016,1742712,2588.000
2019-02-18,2583.000,2602.000,2567.000,2574.000,1030752,1759244,2581.000
2019-02-19,2575.000,2587.000,2569.000,2576.000,799778,1806300,2578.000
2019-02-20,2572.000,2575.000,2515.000,2531.000,1970878,1968658,2541.000
2019-02-21,2528.000,2546.000,2524.000,2535.000,1032460,1991298,2534.000
2019-02-22,2544.000,2559.000,2538.000,2546.000,1033030,1981066,2545.000
2019-02-25,2517.000,2552.000,2506.000,2522.000,1440726,2048370,2526.000
2019-02-26,2528.000,2544.000,2515.000,2525.000,1280230,2042172,2528.000
2019-02-27,2523.000,2524.000,2477.000,2480.000,1838758,2226784,2496.000
2019-02-28,2480.000,2491.000,2467.000,2486.000,1252956,2239822,2482.000
2019-03-01,2480.000,2530.000,2480.000,2512.000,3017588,2234236,2507.000
2019-03-04,2518.000,2521.000,2474.000,2474.000,1962372,2322642,2491.000
2019-03-05,2475.000,2502.000,2472.000,2484.000,1565600,2304092,2488.000
2019-03-06,2488.000,2509.000,2481.000,2507.000,1530626,2236588,2494.000
2019-03-07,2507.000,2528.000,2498.000,2525.000,1868900,2112204,2514.000
2019-03-08,2530.000,2531.000,2506.000,2522.000,1707440,2019688,2521.000
2019-03-11,2522.000,2541.000,2508.000,2524.000,1598650,1996190,2525.000
2019-03-12,2523.000,2532.000,2502.000,2510.000,1349672,1950846,2514.000
2019-03-13,2510.000,2535.000,2508.000,2534.000,1127098,1909734,2524.000
2019-03-14,2526.000,2583.000,2518.000,2566.000,2375316,1758532,2553.000
2019-03-15,2561.000,2577.000,2551.000,2566.000,1394024,1685408,2565.000
2019-03-18,2566.000,2578.000,2541.000,2550.000,1313116,1650784,2559.000
2019-03-19,2552.000,2566.000,2531.000,2539.000,1186084,1639760,2552.000
2019-03-20,2545.000,2545.000,2525.000,2536.000,903132,1638932,2535.000
2019-03-21,2537.000,2547.000,2530.000,2540.000,798286,1601500,2537.000
2019-03-22,2542.000,2563.000,2531.000,2556.000,1125378,1565358,2548.000
2019-03-25,2553.000,2567.000,2546.000,2555.000,835754,1521800,2555.000
2019-03-26,2556.000,2570.000,2552.000,2557.000,784788,1478950,2561.000
2019-03-27,2558.000,2564.000,2546.000,2556.000,799826,1443800,2556.000
2019-03-28,2555.000,2555.000,2499.000,2504.000,1370752,1391580,2526.000
2019-03-29,2575.000,2587.000,2569.000,2572.000,570384,1477400,2579.000
2019-04-01,2577.000,2590.000,2568.000,2584.000,578362,1537900,2581.000
2019-04-02,2585.000,2642.000,2585.000,2634.000,1252906,1591412,2620.000
2019-04-03,2628.000,2653.000,2617.000,2634.000,1188004,1691460,2635.000
2019-04-04,2635.000,2644.000,2619.000,2641.000,1143686,1743354,2633.000
2019-04-08,2633.000,2661.000,2625.000,2639.000,1211372,1791770,2645.000
2019-04-09,2636.000,2645.000,2612.000,2621.000,1385814,1830150,2625.000
2019-04-10,2623.000,2629.000,2616.000,2621.000,865260,1881094,2621.000
2019-04-11,2619.000,2637.000,2615.000,2628.000,1226324,1919362,2626.000
2019-04-12,2624.000,2626.000,2595.000,2601.000,1623500,2010000,2607.000
2019-04-15,2604.000,2635.000,2601.000,2632.000,1646362,2094176,2619.000
2019-04-16,2635.000,2653.000,2626.000,2635.000,1757218,2106508,2636.000
2019-04-17,2633.000,2639.000,2607.000,2614.000,1535220,2150254,2621.000
2019-04-18,2611.000,2617.000,2589.000,2608.000,1470778,2237236,2602.000
2019-04-19,2608.000,2621.000,2603.000,2611.000,1083162,2199140,2612.000
2019-04-23,2610.000,2618.000,2607.000,2612.000,1052896,2222684,2612.000
2019-04-24,2612.000,2616.000,2590.000,2602.000,1426352,2199584,2602.000
2019-04-25,2601.000,2608.000,2563.000,2567.000,2240324,2388836,2587.000
2019-04-26,2566.000,2574.000,2555.000,2560.000,1452206,2359448,2564.000
2019-04-29,2564.000,2575.000,2562.000,2566.000,987284,2313502,2568.000
2019-04-30,2569.000,2575.000,2537.000,2569.000,1570472,2180304,2555.000
2019-05-06,2581.000,2618.000,2577.000,2585.000,1816862,2003338,2592.000
2019-05-07,2581.000,2615.000,2581.000,2600.000,1940376,1930194,2598.000
2019-05-08,2602.000,2613.000,2594.000,2608.000,1219368,1971864,2605.000
2019-05-09,2615.000,2706.000,2614.000,2690.000,4216526,2064162,2657.000
2019-05-10,2695.000,2716.000,2633.000,2658.000,4480698,2022882,2670.000
2019-05-13,2660.000,2686.000,2647.000,2659.000,261851,2164314,2662.000
2019-05-14,2666.000,2694.000,2646.000,2667.000,256899,2226910,2667.000
2019-05-15,2674.000,2695.000,2666.000,2695.000,183382,2265302,2680.000
2019-05-16,2705.000,2747.000,2700.000,2726.000,3345414,2299498,2726.000
2019-05-17,2730.000,2751.000,2715.000,2719.000,2115538,2316344,2732.000
2019-05-20,2723.000,2745.000,2712.000,2742.000,1859848,2358778,2732.000
2019-05-21,2751.000,2805.000,2739.000,2786.000,2957462,2405134,2775.000
2019-05-22,2791.000,2812.000,2747.000,2775.000,2799768,2375962,2782.000
2019-05-23,2779.000,2803.000,2762.000,2771.000,2408956,2354012,2786.000
2019-05-24,2769.000,2780.000,2747.000,2770.000,1628752,2301650,2766.000
2019-05-27,2779.000,2846.000,2772.000,2827.000,2810430,2372744,2807.000
2019-05-28,2832.000,2868.000,2815.000,2867.000,2340802,2378384,2841.000
2019-05-29,2866.000,2954.000,2844.000,2954.000,3006178,2431484,2910.000
2019-05-30,2969.000,2985.000,2870.000,2902.000,4563346,2149738,2925.000
2019-05-31,2928.000,2940.000,2898.000,2923.000,2938008,2164612,2921.000
2019-06-03,2915.000,2961.000,2884.000,2959.000,3373218,2155176,2921.000
2019-06-04,2950.000,3031.000,2943.000,2982.000,5341568,2159728,2990.000
2019-06-05,2979.000,3002.000,2947.000,2954.000,3232110,2201750,2976.000
2019-06-06,2953.000,2958.000,2867.000,2874.000,3975558,1991974,2906.000
2019-06-10,2850.000,2875.000,2823.000,2864.000,1712854,2004304,2855.000
2019-06-11,2865.000,2893.000,2849.000,2868.000,2231398,1981676,2871.000
2019-06-12,2873.000,2886.000,2841.000,2863.000,2583168,1958564,2864.000
2019-06-13,2878.000,2952.000,2874.000,2917.000,3825140,1976798,2918.000
2019-06-14,2918.000,2930.000,2900.000,2909.000,1829892,1928520,2914.000
2019-06-17,2924.000,2981.000,2913.000,2973.000,2765488,1961028,2950.000
2019-06-18,2975.000,2980.000,2923.000,2939.000,2243656,1932496,2947.000
2019-06-19,2936.000,2947.000,2840.000,2884.000,3033902,1927430,2886.000
2019-06-20,2879.000,2898.000,2859.000,2873.000,1893994,1882868,2877.000
2019-06-21,2890.000,2924.000,2875.000,2880.000,2547300,1842588,2896.000
2019-06-24,2875.000,2929.000,2860.000,2912.000,2567420,1912862,2896.000
2019-06-25,2920.000,2930.000,2892.000,2906.000,2072900,1886594,2908.000
2019-06-26,2905.000,2926.000,2861.000,2887.000,1963832,1868326,2890.000
2019-06-27,2888.000,2905.000,2870.000,2880.000,1734606,1851938,2884.000
2019-06-28,2882.000,2908.000,2855.000,2897.000,1969230,1841496,2884.000
2019-07-01,2901.000,2950.000,2810.000,2865.000,3404356,1817364,2882.000
2019-07-02,2869.000,2877.000,2815.000,2822.000,2083626,1839214,2843.000
2019-07-03,2820.000,2826.000,2794.000,2818.000,1664490,1814266,2811.000
2019-07-04,2830.000,2834.000,2785.000,2804.000,1524490,1800674,2812.000
2019-07-05,2810.000,2814.000,2792.000,2804.000,1024530,1782004,2803.000
2019-07-08,2804.000,2810.000,2771.000,2772.000,1553194,1710442,2784.000
2019-07-09,2767.000,2771.000,2716.000,2759.000,2141798,1793678,2741.000
2019-07-10,2753.000,2781.000,2747.000,2779.000,1580916,1727858,2764.000
2019-07-11,2788.000,2803.000,2768.000,2789.000,1710938,1640844,2788.000
2019-07-12,2789.000,2818.000,2777.000,2808.000,1462464,1611758,2795.000
2019-07-15,2810.000,2874.000,2808.000,2861.000,1973242,1611530,2845.000
2019-07-16,2851.000,2851.000,2799.000,2813.000,1597376,1582776,2822.000
2019-07-17,2800.000,2840.000,2794.000,2828.000,1647962,1558084,2822.000
2019-07-18,2840.000,2865.000,2824.000,2832.000,2063080,1496594,2844.000
2019-07-19,2827.000,2847.000,2809.000,2840.000,1578836,1450354,2830.000
2019-07-22,2852.000,2853.000,2785.000,2797.000,2070082,1425822,2810.000
2019-07-23,2801.000,2815.000,2800.000,2814.000,1140988,1392298,2807.000
2019-07-24,2805.000,2806.000,2769.000,2799.000,1584798,1357884,2789.000
2019-07-25,2805.000,2818.000,2786.000,2810.000,1173604,1341412,2805.000
2019-07-26,2810.000,2812.000,2764.000,2784.000,1606230,1272360,2782.000
2019-07-29,2780.000,2797.000,2769.000,2770.000,976022,1264348,2779.000
2019-07-30,2776.000,2806.000,2772.000,2789.000,1099564,1192940,2787.000
2019-07-31,2785.000,2809.000,2781.000,2799.000,1098276,1176334,2794.000
2019-08-01,2801.000,2807.000,2770.000,2773.000,1017816,1138234,2783.000
2019-08-02,2773.000,2847.000,2746.000,2819.000,2175342,1021424,2806.000
2019-08-05,2822.000,2891.000,2817.000,2864.000,1848702,990670,2847.000
2019-08-06,2864.000,2906.000,2855.000,2860.000,1325566,960634,2876.000
2019-08-07,2863.000,2890.000,2863.000,2887.000,953822,896934,2876.000
2019-08-08,2884.000,2897.000,2875.000,2883.000,728612,802306,2883.000
2019-08-09,2878.000,2915.000,2871.000,2899.000,1558076,1519590,2897.000
2019-08-12,2903.000,2909.000,2866.000,2884.000,1399202,1519108,2886.000
2019-08-13,2885.000,2964.000,2866.000,2940.000,2580020,1730994,2925.000
2019-08-14,2935.000,2947.000,2823.000,2889.000,3130608,1714870,2890.000
2019-08-15,2891.000,2895.000,2861.000,2867.000,1355676,1727826,2876.000
2019-08-16,2880.000,2897.000,2848.000,2861.000,1382618,1746470,2868.000
2019-08-19,2864.000,2880.000,2857.000,2877.000,1006408,1724626,2869.000
2019-08-20,2874.000,2892.000,2861.000,2887.000,1264454,1798278,2876.000
2019-08-21,2890.000,2906.000,2875.000,2898.000,1321862,1839938,2890.000
2019-08-22,2901.000,2935.000,2896.000,2934.000,1419784,1917780,2915.000
2019-08-23,2937.000,2969.000,2925.000,2958.000,2087998,2069268,2945.000
2019-08-26,2980.000,3018.000,2932.000,2977.000,2858474,2232798,2977.000
2019-08-27,2965.000,2972.000,2915.000,2935.000,1930292,2163334,2952.000
2019-08-28,2933.000,2969.000,2932.000,2957.000,1468420,2234978,2953.000
2019-08-29,2960.000,2996.000,2943.000,2987.000,1767838,2264230,2975.000
2019-08-30,2970.000,2970.000,2932.000,2935.000,1524400,2193106,2953.000
2019-09-02,2939.000,3004.000,2939.000,2974.000,2216534,2203466,2977.000
2019-09-03,2980.000,3004.000,2974.000,2995.000,1530246,2266426,2989.000
2019-09-04,2992.000,3016.000,2970.000,2973.000,1974480,2286138,2990.000
2019-09-05,2978.000,2983.000,2917.000,2928.000,2190274,2255344,2949.000
2019-09-06,2933.000,2938.000,2870.000,2885.000,2374230,2197102,2898.000
2019-09-09,2888.000,2903.000,2848.000,2851.000,1987542,2092306,2873.000
2019-09-10,2855.000,2876.000,2854.000,2867.000,1053786,2103040,2865.000
2019-09-11,2872.000,2882.000,2837.000,2840.000,1745088,2072396,2859.000
2019-09-12,2840.000,2865.000,2812.000,2858.000,1537774,1927166,2841.000
2019-09-16,2822.000,2852.000,2810.000,2845.000,911088,1930424,2841.000
2019-09-17,2845.000,2863.000,2838.000,2859.000,1227306,1937894,2852.000
2019-09-18,2859.000,2870.000,2849.000,2863.000,1064228,1926274,2859.000
2019-09-19,2862.000,2880.000,2852.000,2862.000,1353722,1929498,2865.000
2019-09-20,2865.000,2872.000,2839.000,2863.000,1271152,1913452,2859.000
2019-09-23,2865.000,2893.000,2853.000,2862.000,1539134,1855956,2870.000
2019-09-24,2852.000,2861.000,2837.000,2845.000,1194036,1871788,2848.000
2019-09-25,2848.000,2882.000,2844.000,2880.000,1757496,1734332,2865.000
2019-09-26,2877.000,2881.000,2854.000,2860.000,1085302,1683184,2865.000
2019-09-27,2865.000,2870.000,2841.000,2849.000,1007482,1656532,2853.000
2019-09-30,2850.000,2886.000,2845.000,2880.000,973664,1601380,2871.000
2019-10-08,2930.000,2945.000,2903.000,2910.000,1357512,1749104,2925.000
2019-10-09,2910.000,2960.000,2910.000,2959.000,1741554,2012548,2942.000
2019-10-10,2959.000,2964.000,2939.000,2957.000,1438582,1998854,2951.000
2019-10-11,2960.000,2998.000,2948.000,2989.000,1862894,2153052,2974.000
2019-10-14,2983.000,2988.000,2955.000,2969.000,2055550,2095194,2968.000
2019-10-15,2968.000,2991.000,2962.000,2973.000,1527184,2141400,2975.000
2019-10-16,2969.000,3003.000,2963.000,2970.000,1665760,2168038,2976.000
2019-10-17,2972.000,2976.000,2953.000,2968.000,1233558,2164972,2966.000
2019-10-18,2969.000,3019.000,2968.000,2986.000,2644642,2234162,2992.000
2019-10-21,2985.000,3078.000,2981.000,3078.000,3218438,2441688,3036.000
2019-10-22,3086.000,3086.000,3037.000,3059.000,2567154,2461088,3060.000
2019-10-23,3057.000,3065.000,3040.000,3052.000,2025944,2420526,3051.000
2019-10-24,3047.000,3063.000,3024.000,3047.000,2140276,2396534,3046.000
2019-10-25,3046.000,3057.000,3031.000,3046.000,1598928,2344480,3046.000
2019-10-28,3045.000,3046.000,2978.000,2982.000,2420174,2138512,3005.000
2019-10-29,2986.000,2995.000,2975.000,2988.000,1205380,2063174,2986.000
2019-10-30,2985.000,3011.000,2983.000,2989.000,1414560,2052146,2996.000
2019-10-31,2988.000,3007.000,2955.000,2956.000,1807500,1967438,2982.000
2019-11-01,2959.000,2971.000,2938.000,2968.000,1679610,1893170,2954.000
2019-11-04,2969.000,2980.000,2960.000,2969.000,1130776,1846020,2969.000
2019-11-05,2972.000,2983.000,2954.000,2963.000,1269186,1815524,2967.000
2019-11-06,2960.000,2967.000,2912.000,2921.000,1744982,1776994,2935.000
2019-11-07,2928.000,2940.000,2908.000,2935.000,1284392,1738958,2928.000
2019-11-08,2930.000,2954.000,2916.000,2933.000,1584340,1712352,2936.000
2019-11-11,2933.000,2936.000,2887.000,2891.000,1533198,1611950,2905.000
2019-11-12,2891.000,2896.000,2852.000,2877.000,1549630,1539540,2872.000
2019-11-13,2881.000,2894.000,2873.000,2887.000,993868,1454510,2884.000
2019-11-14,2885.000,2898.000,2868.000,2877.000,959950,1412494,2882.000
2019-11-15,2879.000,2889.000,2843.000,2873.000,1335880,1340564,2864.000
2019-11-18,2882.000,2920.000,2875.000,2889.000,1396588,1337466,2895.000
2019-11-19,2887.000,2903.000,2875.000,2888.000,939638,1324382,2890.000
2019-11-20,2890.000,2904.000,2876.000,2884.000,1030052,1309138,2889.000
2019-11-21,2881.000,2897.000,2869.000,2886.000,1157212,1226386,2882.000
2019-11-22,2885.000,2890.000,2863.000,2870.000,665264,1197556,2875.000
2019-11-25,2873.000,2891.000,2855.000,2878.000,1127544,1166012,2875.000
2019-11-26,2879.000,2906.000,2868.000,2880.000,1014270,1126596,2886.000
2019-11-27,2761.000,2772.000,2735.000,2748.000,1190632,2686050,2751.000
2019-11-28,2750.000,2757.000,2743.000,2754.000,832506,2688338,2751.000
2019-11-29,2754.000,2774.000,2731.000,2769.000,2040666,2660752,2754.000
2019-12-02,2774.000,2775.000,2736.000,2743.000,1564796,2761210,2750.000
2019-12-03,2743.000,2761.000,2735.000,2753.000,1720320,2766230,2747.000
2019-12-04,2765.000,2768.000,2736.000,2740.000,1552626,2835992,2747.000
2019-12-05,2739.000,2757.000,2702.000,2755.000,2929616,2741404,2730.000
2019-12-06,2754.000,2781.000,2743.000,2749.000,2578398,2801292,2761.000
2019-12-09,2753.000,2785.000,2750.000,2776.000,2061708,2858034,2770.000
2019-12-10,2779.000,2788.000,2756.000,2772.000,2057526,2998832,0.000
2019-12-11,2772.000,2795.000,2767.000,2783.000,2076736,3044352,2783.000
2019-12-12,2783.000,2790.000,2762.000,2764.000,1653056,3120878,2774.000
2019-12-13,2761.000,2765.000,2724.000,2741.000,2785492,3215254,2743.000
2019-12-16,2742.000,2760.000,2739.000,2758.000,1915302,3115482,2750.000
2019-12-17,2758.000,2767.000,2748.000,2754.000,1282150,3117236,2755.000
2019-12-18,2754.000,2772.000,2750.000,2763.000,1438894,3101318,2761.000
2019-12-19,2765.000,2768.000,2737.000,2741.000,1645620,3228350,2752.000
2019-12-20,2743.000,2752.000,2733.000,2737.000,1417700,3238648,2741.000
2019-12-23,2735.000,2760.000,2726.000,2752.000,1668664,3177702,0.000
2019-12-24,2757.000,2768.000,2749.000,2752.000,1394946,3183538,2757.000
2019-12-25,2750.000,2754.000,2736.000,2742.000,1105732,3247966,2743.000
2019-12-26,2740.000,2745.000,2725.000,2736.000,1221704,3302810,2734.000
2019-12-27,2737.000,2743.000,2731.000,2735.000,1053736,3304670,0.000
2019-12-30,2737.000,2776.000,2733.000,2775.000,2871306,3362554,2755.000
2019-12-31,2777.000,2790.000,2766.000,2772.000,2045226,3385712,2773.000
2020-01-02,2780.000,2786.000,2766.000,2771.000,631920,1675405,2774.000
2020-01-03,2772.000,2785.000,2760.000,2761.000,851662,1647024,2774.000
2020-01-06,2757.000,2762.000,2728.000,2739.000,1002411,1656826,2744.000
2020-01-07,2738.000,2748.000,2736.000,2743.000,565047,1649835,2743.000
2020-01-08,2739.000,2742.000,2714.000,2727.000,1141167,1735101,2729.000
2020-01-09,2729.000,2735.000,2705.000,2716.000,927967,1772733,2717.000
2020-01-10,2719.000,2723.000,2666.000,2666.000,1353066,1737115,2692.000
2020-01-13,2667.000,2682.000,2651.000,2655.000,1023036,1736526,0.000
2020-01-14,2654.000,2673.000,2651.000,2659.000,802524,1719175,2659.000
2020-01-15,2663.000,2696.000,2663.000,2693.000,1031707,1646279,2677.000
2020-01-16,2693.000,2693.000,2670.000,2689.000,716186,1613541,2682.000
2020-01-17,2688.000,2690.000,2661.000,2682.000,702051,1568866,2676.000
2020-01-20,2682.000,2692.000,2671.000,2681.000,463085,1547597,2682.000
2020-01-21,2681.000,2718.000,2677.000,2710.000,900312,1471881,2695.000
2020-01-22,2707.000,2708.000,2662.000,2678.000,741132,1430932,2679.000
2020-01-23,2679.000,2682.000,2635.000,2640.000,698419,1422529,2660.000
2020-02-03,2573.000,2596.000,2527.000,2580.000,820984,1308336,2570.000
2020-02-04,2589.000,2653.000,2588.000,2649.000,764551,1319989,2628.000
2020-02-05,2644.000,2654.000,2626.000,2635.000,496707,1324471,0.000
2020-02-06,2635.000,2643.000,2616.000,2637.000,534013,1335042,0.000
2020-02-07,2641.000,2648.000,2630.000,2634.000,295453,1332845,0.000
2020-02-10,2645.000,2663.000,2640.000,2656.000,573886,1316645,0.000
2020-02-11,2665.000,2667.000,2644.000,2657.000,455725,1299023,2653.000
2020-02-12,2658.000,2664.000,2637.000,2641.000,481921,1313785,2650.000
2020-02-13,2644.000,2688.000,2643.000,2684.000,877635,1319850,0.000
2020-02-14,2687.000,2689.000,2657.000,2668.000,603097,1305205,2671.000
2020-02-17,2668.000,2687.000,2666.000,2681.000,397919,1305890,2678.000
2020-02-18,2680.000,2681.000,2648.000,2656.000,559946,1322903,0.000
2020-02-19,2658.000,2666.000,2645.000,2660.000,414002,1318124,0.000
2020-02-20,2664.000,2674.000,2658.000,2664.000,465812,1305986,0.000
2020-02-21,2664.000,2682.000,2659.000,2661.000,465240,1297902,0.000
2020-02-24,2650.000,2654.000,2616.000,2619.000,595165,1322428,2632.000
2020-02-25,2607.000,2637.000,2598.000,2636.000,435269,1288354,0.000
2020-02-26,2631.000,2642.000,2623.000,2638.000,396002,1258035,0.000
2020-02-27,2643.000,2668.000,2642.000,2646.000,578382,1237590,0.000
2020-02-28,2664.000,2672.000,2614.000,2616.000,955652,1183082,0.000
2020-03-02,2634.000,2735.000,2631.000,2719.000,1480708,1266923,0.000
2020-03-03,2731.000,2749.000,2711.000,2730.000,871715,1242216,0.000
2020-03-04,2734.000,2745.000,2710.000,2718.000,632886,1188971,0.000
2020-03-05,2711.000,2736.000,2703.000,2724.000,565370,1180389,0.000
2020-03-06,2703.000,2720.000,2693.000,2717.000,588588,1168100,0.000
2020-03-09,2631.000,2698.000,2631.000,2669.000,1054330,1059176,0.000
2020-03-10,2679.000,2695.000,2673.000,2693.000,529894,1019598,2685.000
2020-03-11,2695.000,2708.000,2678.000,2681.000,474423,1004114,0.000
2020-03-12,2720.000,2736.000,2705.000,2721.000,626266,1421199,0.000
2020-03-13,2714.000,2763.000,2711.000,2758.000,1127417,1409523,0.000
2020-03-16,2740.000,2809.000,2738.000,2749.000,1447910,1444079,0.000
2020-03-17,2740.000,2785.000,2732.000,2770.000,1141677,1426770,0.000
2020-03-18,2770.000,2785.000,2750.000,2753.000,1029677,1454120,2767.000
2020-03-19,2763.000,2773.000,2707.000,2732.000,1322206,1442757,0.000
2020-03-20,2800.000,2825.000,2777.000,2817.000,1458742,1425635,0.000
2020-03-23,2866.000,2915.000,2856.000,2915.000,1080772,1449492,0.000
2020-03-24,2935.000,2940.000,2892.000,2920.000,1577682,1498490,0.000
2020-03-25,2925.000,2982.000,2915.000,2965.000,1380720,1579994,0.000
2020-03-26,2930.000,2938.000,2881.000,2892.000,1430103,1610546,0.000
2020-03-27,2916.000,2947.000,2910.000,2928.000,1548461,1619639,0.000
2020-03-30,2955.000,3011.000,2948.000,2950.000,1495203,1714593,0.000
2020-03-31,2950.000,2956.000,2920.000,2940.000,1239161,1726368,0.000
2020-04-01,2939.000,2945.000,2839.000,2862.000,2167632,1689083,0.000
2020-04-02,2845.000,2858.000,2827.000,2848.000,1250565,1709988,0.000
2020-04-03,2830.000,2837.000,2799.000,2805.000,1319311,1683612,0.000
2020-04-07,2795.000,2824.000,2789.000,2807.000,910794,1710124,0.000
2020-04-08,2797.000,2827.000,2786.000,2821.000,895801,1761469,0.000
2020-04-09,2825.000,2839.000,2810.000,2822.000,937610,1780326,0.000
2020-04-10,2830.000,2846.000,2821.000,2826.000,795853,1742918,0.000
2020-04-13,2836.000,2851.000,2800.000,2804.000,960286,1785604,0.000
2020-04-14,2791.000,2810.000,2778.000,2808.000,933641,1789187,0.000
2020-04-15,2808.000,2820.000,2796.000,2811.000,848175,1831110,0.000
2020-04-16,2812.000,2816.000,2756.000,2760.000,1177591,1842453,0.000
2020-04-17,2763.000,2778.000,2755.000,2771.000,704905,1819261,0.000
2020-04-20,2760.000,2768.000,2730.000,2735.000,813329,1773244,0.000
2020-04-21,2721.000,2737.000,2713.000,2731.000,848039,1728233,0.000
2020-04-22,2748.000,2766.000,2736.000,2762.000,895897,1729515,0.000
2020-04-23,2762.000,2777.000,2753.000,2775.000,712264,1730075,0.000
2020-04-24,2770.000,2773.000,2751.000,2760.000,617821,1734845,0.000
2020-04-27,2750.000,2784.000,2739.000,2781.000,851558,1756077,0.000
2020-04-28,2774.000,2777.000,2728.000,2730.000,837191,1769962,0.000
2020-04-29,2721.000,2733.000,2715.000,2719.000,650995,1797945,0.000
2020-04-30,2730.000,2735.000,2718.000,2729.000,591338,1759413,0.000
2020-05-06,2740.000,2758.000,2734.000,2758.000,637393,1726974,0.000
2020-05-07,2757.000,2765.000,2744.000,2747.000,587442,1741742,0.000
2020-05-08,2750.000,2767.000,2745.000,2750.000,955506,1748903,0.000
2020-05-11,2755.000,2775.000,2730.000,2735.000,1001027,1749580,0.000
2020-05-12,2740.000,2747.000,2718.000,2738.000,808194,1754643,0.000
2020-05-13,2741.000,2748.000,2716.000,2727.000,849535,1762633,0.000
2020-05-14,2732.000,2734.000,2689.000,2697.000,1080190,1801977,0.000
2020-05-15,2700.000,2711.000,2695.000,2702.000,560501,1768817,0.000
2020-05-18,2701.000,2750.000,2700.000,2748.000,1116289,1690754,0.000
2020-05-19,2745.000,2747.000,2726.000,2738.000,647890,1685962,0.000
2020-05-20,2742.000,2761.000,2728.000,2757.000,769584,1674615,0.000
2020-05-21,2765.000,2765.000,2732.000,2742.000,710718,1656180,0.000
2020-05-22,2743.000,2773.000,2730.000,2754.000,1108961,1588520,0.000
2020-05-25,2758.000,2795.000,2755.000,2788.000,1436889,1620267,0.000
2020-05-26,2789.000,2795.000,2768.000,2789.000,787526,1605437,0.000
2020-05-27,2790.000,2832.000,2780.000,2818.000,1359964,1639237,0.000
2020-05-28,2823.000,2841.000,2792.000,2793.000,1140012,1596727,0.000
2020-05-29,2790.000,2808.000,2771.000,2804.000,996520,1550828,0.000
2020-06-01,2799.000,2831.000,2776.000,2789.000,1301383,1563333,0.000
2020-06-02,2805.000,2815.000,2778.000,2787.000,1003294,1590135,0.000
2020-06-03,2790.000,2810.000,2783.000,2801.000,713431,1571366,0.000
2020-06-04,2805.000,2849.000,2798.000,2833.000,1215149,1626551,0.000
2020-06-05,2836.000,2868.000,2831.000,2842.000,1128270,1586044,0.000
2020-06-08,2845.000,2847.000,2808.000,2809.000,1124703,1539433,0.000
2020-06-09,2813.000,2823.000,2797.000,2815.000,806574,1520200,0.000
2020-06-10,2810.000,2820.000,2801.000,2818.000,723782,1529887,0.000
2020-06-11,2821.000,2836.000,2788.000,2801.000,1195868,1494560,0.000
2020-06-12,2805.000,2836.000,2799.000,2832.000,1155086,1449079,0.000
2020-06-15,2832.000,2843.000,2801.000,2802.000,1174200,1429802,0.000
2020-06-16,2806.000,2838.000,2803.000,2835.000,795816,1411359,0.000
2020-06-17,2836.000,2836.000,2803.000,2815.000,828474,1401718,0.000
2020-06-18,2813.000,2824.000,2802.000,2816.000,673607,1374676,0.000
2020-06-19,2820.000,2821.000,2802.000,2811.000,706931,1359717,0.000
2020-06-22,2815.000,2837.000,2814.000,2823.000,950205,1300275,0.000
2020-06-23,2825.000,2861.000,2810.000,2810.000,1542165,1276200,0.000
2020-06-24,2815.000,2822.000,2807.000,2818.000,504909,1232521,0.000
2020-06-29,2810.000,2811.000,2791.000,2805.000,620453,1251411,0.000
2020-06-30,2810.000,2823.000,2805.000,2813.000,549057,1223572,0.000
2020-07-01,2818.000,2889.000,2816.000,2882.000,1440687,1294024,0.000
2020-07-02,2886.000,2909.000,2876.000,2898.000,1078842,1279561,0.000
2020-07-03,2901.000,2909.000,2888.000,2906.000,703761,1277844,0.000
2020-07-06,2905.000,2933.000,2894.000,2927.000,1125887,1251115,0.000
2020-07-07,2929.000,2939.000,2908.000,2910.000,937045,1225703,0.000
2020-07-08,2906.000,2920.000,2886.000,2897.000,827578,1191387,0.000
2020-07-09,2900.000,2912.000,2894.000,2905.000,727399,1193662,0.000
2020-07-10,2913.000,2933.000,2906.000,2919.000,882143,1181811,0.000
2020-07-13,2921.000,2928.000,2868.000,2875.000,1068557,1130592,0.000
2020-07-14,2873.000,2881.000,2855.000,2866.000,754280,1101578,0.000
2020-07-15,2868.000,2879.000,2861.000,2878.000,614277,1092567,0.000
2020-07-16,2875.000,2903.000,2867.000,2895.000,881138,1059072,0.000
2020-07-17,2899.000,2909.000,2886.000,2901.000,613905,1035925,0.000
2020-07-20,2901.000,2922.000,2886.000,2920.000,918183,1019350,2906.000
2020-07-21,2919.000,2959.000,2904.000,2911.000,1240403,1001038,2937.000
2020-07-22,2915.000,2930.000,2906.000,2928.000,707007,996719,2916.000
2020-07-23,2940.000,2966.000,2925.000,2957.000,1146701,979254,2946.000
2020-07-24,2955.000,3005.000,2949.000,3000.000,1303169,948099,2973.000
2020-07-27,3004.000,3057.000,2981.000,3020.000,1771305,951215,3020.000
2020-07-28,3032.000,3045.000,2926.000,2929.000,1496464,887362,2979.000
2020-07-29,2934.000,2947.000,2922.000,2927.000,741732,850243,2932.000
2020-07-30,2924.000,2932.000,2894.000,2905.000,788694,798869,2914.000
2020-07-31,2901.000,2923.000,2882.000,2920.000,636187,744798,2909.000
2020-08-03,2921.000,2935.000,2907.000,2927.000,636129,724217,2920.000
2020-08-04,2926.000,2943.000,2904.000,2907.000,452228,698858,2920.000
2020-08-05,2926.000,2929.000,2884.000,2888.000,830226,1232530,2901.000
2020-08-06,2888.000,2893.000,2860.000,2873.000,802493,1252247,2874.000
2020-08-07,2875.000,2886.000,2862.000,2872.000,706578,1271824,2874.000
2020-08-10,2872.000,2882.000,2839.000,2862.000,774654,1260417,2858.000
2020-08-11,2860.000,2878.000,2849.000,2851.000,618671,1272912,2861.000
2020-08-12,2859.000,2860.000,2843.000,2853.000,481922,1279785,2851.000
2020-08-13,2853.000,2891.000,2831.000,2881.000,1195372,1301134,2866.000
2020-08-14,2891.000,2917.000,2885.000,2895.000,963009,1305283,2899.000
2020-08-17,2890.000,2913.000,2884.000,2908.000,865757,1329525,2899.000
2020-08-18,2910.000,2937.000,2908.000,2916.000,822376,1356705,2920.000
2020-08-19,2919.000,2920.000,2885.000,2901.000,801690,1383574,2899.000
2020-08-20,2905.000,2922.000,2895.000,2901.000,709740,1383254,2907.000
2020-08-21,2895.000,2897.000,2863.000,2885.000,797082,1361180,2879.000
2020-08-24,2880.000,2893.000,2864.000,2886.000,570029,1349692,2881.000
2020-08-25,2898.000,2928.000,2891.000,2919.000,845405,1365223,2914.000
2020-08-26,2922.000,2949.000,2914.000,2934.000,752813,1396850,2933.000
2020-08-27,2934.000,2935.000,2911.000,2921.000,643705,1383979,2922.000
2020-08-28,2942.000,2955.000,2932.000,2937.000,983660,1406192,2944.000
2020-08-31,2945.000,2993.000,2937.000,2981.000,903184,1400443,2972.000
2020-09-01,2976.000,2980.000,2923.000,2942.000,879446,1366854,2946.000
2020-09-02,2937.000,2952.000,2932.000,2940.000,455343,1383543,2941.000
2020-09-03,2938.000,2959.000,2925.000,2933.000,773760,1357088,2942.000
2020-09-04,2940.000,2974.000,2926.000,2973.000,899411,1378240,2948.000
2020-09-07,2978.000,3010.000,2960.000,2992.000,1145871,1411324,2987.000
2020-09-08,2993.000,3015.000,2982.000,2998.000,1112447,1425011,2996.000
2020-09-09,2972.000,2993.000,2960.000,2978.000,992777,1360592,2977.000
2020-09-10,2993.000,3019.000,2985.000,2996.000,1160669,1393423,3002.000
2020-09-11,3003.000,3070.000,2992.000,3066.000,1567059,1551899,3034.000
2020-09-14,3066.000,3152.000,3060.000,3118.000,1775350,1568786,3111.000
2020-09-15,3114.000,3135.000,3092.000,3116.000,1131486,1581386,3118.000
2020-09-16,3112.000,3123.000,3040.000,3064.000,1790702,1510569,3074.000
2020-09-17,3074.000,3125.000,3066.000,3073.000,1761128,1507681,3090.000
2020-09-18,3070.000,3170.000,3063.000,3153.000,1887816,1549826,3133.000
2020-09-21,3151.000,3163.000,3122.000,3137.000,1301928,1538042,3141.000
2020-09-22,3133.000,3148.000,3077.000,3096.000,1741754,1497567,3111.000
2020-09-23,3112.000,3141.000,3065.000,3087.000,1945421,1470275,3104.000
2020-09-24,3103.000,3142.000,3056.000,3089.000,2009056,1436734,3098.000
2020-09-25,3085.000,3098.000,3067.000,3078.000,1162760,1381176,3081.000
2020-09-28,3081.000,3111.000,3066.000,3094.000,1140897,1368436,3091.000
2020-09-29,3100.000,3101.000,3063.000,3072.000,753609,1323026,3077.000
2020-09-30,3068.000,3098.000,3052.000,3087.000,847564,1281133,3077.000
2020-10-09,3220.000,3278.000,3202.000,3262.000,998801,1353700,3252.000
2020-10-12,3257.000,3303.000,3241.000,3286.000,1469935,1389112,3273.000
2020-10-13,3270.000,3279.000,3217.000,3238.000,1281866,1358785,3240.000
2020-10-14,3231.000,3252.000,3210.000,3233.000,1002802,1336580,3230.000
2020-10-15,3240.000,3250.000,3213.000,3231.000,999043,1311873,3234.000
2020-10-16,3212.000,3279.000,3188.000,3275.000,1223241,1334625,3243.000
2020-10-19,3280.000,3313.000,3228.000,3258.000,1532352,1308968,3263.000
2020-10-20,3264.000,3310.000,3240.000,3283.000,1278598,1340831,3273.000
2020-10-21,3283.000,3321.000,3269.000,3284.000,1454963,1355468,3292.000
2020-10-22,3300.000,3309.000,3256.000,3270.000,1279218,1350434,3285.000
2020-10-23,3280.000,3289.000,3233.000,3233.000,1187819,1319804,3263.000
2020-10-26,3245.000,3284.000,3233.000,3249.000,1091076,1284346,3261.000
2020-10-27,3245.000,3276.000,3230.000,3245.000,1007018,1262938,3251.000
2020-10-28,3247.000,3266.000,3215.000,3248.000,997650,1244597,3244.000
2020-10-29,3218.000,3220.000,3177.000,3202.000,1176278,1198878,3202.000
2020-10-30,3191.000,3214.000,3185.000,3192.000,1008579,1180871,3197.000
2020-11-02,3200.000,3214.000,3173.000,3174.000,913168,1167171,3194.000
2020-11-03,3180.000,3201.000,3171.000,3189.000,676273,1154440,3186.000
2020-11-04,3199.000,3221.000,3193.000,3216.000,764609,1142160,3207.000
2020-11-05,3227.000,3299.000,3222.000,3276.000,1391983,1129464,3266.000
2020-11-06,3280.000,3292.000,3254.000,3260.000,854868,1099345,3273.000
2020-11-09,3260.000,3267.000,3195.000,3203.000,962330,1061668,3222.000
2020-11-10,3225.000,3226.000,3142.000,3157.000,1073667,1015671,3179.000
2020-11-11,3165.000,3264.000,3164.000,3249.000,1084990,966245,3229.000
2020-11-12,3238.000,3243.000,3201.000,3204.000,619057,971944,3220.000
2020-11-13,3180.000,3193.000,3143.000,3159.000,965410,1489255,3166.000
2020-11-16,3170.000,3188.000,3133.000,3146.000,1105125,1531315,3161.000
2020-11-17,3148.000,3172.000,3128.000,3167.000,976940,1564929,3152.000
2020-11-18,3175.000,3196.000,3153.000,3171.000,1199761,1572649,3176.000
2020-11-19,3181.000,3194.000,3163.000,3182.000,942480,1613409,3179.000
2020-11-20,3168.000,3228.000,3153.000,3221.000,1214966,1660773,3192.000
2020-11-23,3230.000,3277.000,3215.000,3264.000,1613097,1734638,3253.000
2020-11-24,3270.000,3270.000,3231.000,3236.000,883573,1727485,3249.000
2020-11-25,3230.000,3253.000,3214.000,3237.000,987154,1728524,3233.000
2020-11-26,3239.000,3240.000,3203.000,3233.000,770305,1757196,3222.000
2020-11-27,3230.000,3235.000,3203.000,3212.000,688081,1754127,3217.000
2020-11-30,3216.000,3249.000,3188.000,3236.000,1426090,1742966,3219.000
2020-12-01,3220.000,3227.000,3164.000,3165.000,1099659,1749987,3190.000
2020-12-02,3171.000,3182.000,3115.000,3117.000,1103749,1750504,3145.000
2020-12-03,3096.000,3114.000,3067.000,3096.000,1126461,1710922,3095.000
2020-12-04,3108.000,3127.000,3081.000,3122.000,856461,1706665,3103.000
2020-12-07,3110.000,3121.000,3076.000,3109.000,937613,1696013,3100.000
2020-12-08,3094.000,3122.000,3090.000,3095.000,743101,1681533,3104.000
2020-12-09,3085.000,3109.000,3077.000,3101.000,677703,1666728,3093.000
2020-12-10,3106.000,3143.000,3103.000,3139.000,1041357,1660058,3124.000
2020-12-11,3149.000,3161.000,3087.000,3088.000,1170775,1683054,3116.000
2020-12-14,3082.000,3120.000,3078.000,3112.000,768974,1660421,3101.000
2020-12-15,3118.000,3122.000,3070.000,3108.000,1041762,1644388,3095.000
2020-12-16,3100.000,3151.000,3098.000,3143.000,945675,1624952,3132.000
2020-12-17,3156.000,3168.000,3132.000,3149.000,1069280,1611333,3150.000
2020-12-18,3139.000,3195.000,3127.000,3189.000,1090393,1601248,3169.000
2020-12-21,3187.000,3299.000,3178.000,3298.000,1345868,1621367,3236.000
2020-12-22,3283.000,3354.000,3245.000,3314.000,2003716,1617534,3308.000
2020-12-23,3320.000,3362.000,3281.000,3321.000,1500794,1607387,3326.000
2020-12-24,3348.000,3349.000,3304.000,3307.000,1134019,1626317,3322.000
2020-12-25,3311.000,3327.000,3266.000,3303.000,1175720,1601258,3295.000
2020-12-28,3304.000,3349.000,3292.000,3307.000,1172382,1590674,3319.000
2020-12-29,3313.000,3315.000,3256.000,3274.000,1017208,1572292,3284.000
2020-12-30,3274.000,3394.000,3262.000,3363.000,1497846,1580428,3338.000
2020-12-31,3363.000,3480.000,3358.000,3479.000,1591948,1656152,3423.000
2021-01-04,3477.000,3544.000,3458.000,3483.000,1236212,1669465,3497.000
2021-01-05,3485.000,3505.000,3429.000,3483.000,1409491,1658509,3468.000
2021-01-06,3486.000,3550.000,3475.000,3535.000,1499101,1705283,3514.000
2021-01-07,3548.000,3559.000,3496.000,3517.000,1214440,1682718,3522.000
2021-01-08,3510.000,3545.000,3480.000,3536.000,1406235,1696334,3509.000
2021-01-11,3548.000,3657.000,3523.000,3619.000,2091759,1720950,3588.000
2021-01-12,3628.000,3653.000,3595.000,3635.000,1620923,1758261,3626.000
2021-01-13,3645.000,3825.000,3630.000,3775.000,2110513,1787399,3730.000
2021-01-14,3767.000,3773.000,3711.000,3736.000,1531539,1747883,3736.000
2021-01-15,3749.000,3785.000,3702.000,3717.000,1435325,1710357,3736.000
2021-01-18,3732.000,3738.000,3652.000,3677.000,1467855,1646177,3690.000
2021-01-19,3677.000,3712.000,3639.000,3665.000,1259068,1621366,3671.000
2021-01-20,3680.000,3680.000,3501.000,3534.000,2343092,1544206,3565.000
2021-01-21,3532.000,3582.000,3515.000,3571.000,1226411,1563855,3552.000
2021-01-22,3583.000,3588.000,3464.000,3481.000,1749207,1499344,3517.000
2021-01-25,3455.000,3533.000,3393.000,3423.000,1864441,1461321,3445.000
2021-01-26,3418.000,3486.000,3416.000,3433.000,1224087,1453657,3447.000
2021-01-27,3460.000,3546.000,3449.000,3518.000,1579393,1457266,3498.000
2021-01-28,3521.000,3528.000,3465.000,3483.000,1187400,1444940,3498.000
2021-01-29,3520.000,3520.000,3404.000,3484.000,1291991,1413263,3476.000
2021-02-01,3478.000,3518.000,3425.000,3485.000,1311549,1386518,3475.000
2021-02-02,3484.000,3484.000,3415.000,3418.000,1189851,1401927,3447.000
2021-02-03,3405.000,3419.000,3364.000,3410.000,1373970,1358059,3385.000
2021-02-04,3410.000,3489.000,3396.000,3482.000,1183489,1345029,3447.000
2021-02-05,3482.000,3527.000,3474.000,3515.000,1200990,1322305,3499.000
2021-02-08,3517.000,3527.000,3445.000,3460.000,1159714,1306611,3487.000
2021-02-09,3463.000,3550.000,3449.000,3520.000,1134890,1296979,3498.000
2021-02-10,3524.000,3525.000,3454.000,3470.000,923785,1265212,3486.000
2021-02-18,3470.000,3509.000,3462.000,3492.000,670156,1299312,3488.000
2021-02-19,3482.000,3518.000,3433.000,3462.000,1281592,1343873,3469.000
2021-02-22,3470.000,3528.000,3464.000,3505.000,1445592,1358290,3500.000
2021-02-23,3495.000,3596.000,3467.000,3591.000,1604197,1366996,3527.000
2021-02-24,3585.000,3603.000,3559.000,3591.000,1259248,1340266,3586.000
2021-02-25,3603.000,3638.000,3565.000,3574.000,1515413,1330325,3602.000
2021-02-26,3590.000,3590.000,3413.000,3427.000,2297401,1294309,3485.000
2021-03-01,3404.000,3464.000,3394.000,3422.000,1515517,1282399,3434.000
2021-03-02,3423.000,3469.000,3334.000,3351.000,1472238,1296872,3396.000
2021-03-03,3356.000,3426.000,3356.000,3403.000,1037796,1246090,3394.000
2021-03-04,3397.000,3399.000,3343.000,3351.000,1181133,1229187,3368.000
2021-03-05,3362.000,3390.000,3307.000,3364.000,1291459,1201030,3351.000
2021-03-08,3364.000,3445.000,3345.000,3414.000,1292146,1149004,3401.000
2021-03-09,3414.000,3415.000,3340.000,3348.000,1134937,1151573,3373.000
2021-03-10,3360.000,3361.000,3256.000,3269.000,1588777,1161011,3316.000
2021-03-11,3254.000,3268.000,3153.000,3198.000,1721617,1107869,3199.000
2021-03-12,3198.000,3229.000,3188.000,3210.000,1089584,1084597,3209.000
2021-03-15,3200.000,3225.000,3154.000,3213.000,1196626,1026132,3196.000
2021-03-16,3221.000,3251.000,3181.000,3232.000,1171494,973224,3221.000
2021-03-17,3233.000,3286.000,3228.000,3264.000,1075193,902389,3266.000
2021-03-18,3260.000,3291.000,3227.000,3246.000,896720,885012,3251.000
2021-03-19,3236.000,3258.000,3207.000,3243.000,908772,842392,3235.000
2021-03-22,3250.000,3298.000,3230.000,3279.000,906004,810576,3270.000
2021-03-23,3279.000,3280.000,3210.000,3257.000,920471,775246,3237.000
2021-03-24,3257.000,3301.000,3249.000,3288.000,809199,765363,3274.000
2021-03-25,3298.000,3337.000,3291.000,3305.000,728712,735044,3312.000
2021-03-26,3304.000,3351.000,3281.000,3343.000,797836,702058,3324.000
2021-03-29,3344.000,3350.000,3293.000,3309.000,710594,686195,3315.000
2021-03-30,3309.000,3312.000,3272.000,3301.000,622573,633910,3294.000
2021-03-31,3303.000,3323.000,3260.000,3279.000,604546,603965,3287.000
2021-04-01,3390.000,3610.000,3386.000,3524.000,1612227,1464470,3517.000
2021-04-02,3525.000,3540.000,3473.000,3507.000,1083539,1478612,3509.000
2021-04-06,3515.000,3522.000,3482.000,3490.000,629478,1491452,3498.000
2021-04-07,3515.000,3555.000,3488.000,3547.000,1008858,1566336,3513.000
2021-04-08,3547.000,3547.000,3495.000,3517.000,921377,1536006,3517.000
2021-04-09,3515.000,3541.000,3495.000,3524.000,941890,1546427,3521.000
2021-04-12,3533.000,3548.000,3447.000,3453.000,1221623,1547079,3498.000
2021-04-13,3447.000,3469.000,3423.000,3442.000,889336,1547824,3442.000
2021-04-14,3441.000,3451.000,3411.000,3422.000,757873,1559820,3431.000
2021-04-15,3428.000,3475.000,3427.000,3468.000,772048,1568754,3454.000
2021-04-16,3479.000,3528.000,3462.000,3515.000,1125763,1528665,3501.000
2021-04-19,3515.000,3554.000,3498.000,3542.000,884748,1566941,3524.000
2021-04-20,3558.000,3592.000,3529.000,3570.000,1022365,1615381,3563.000
2021-04-21,3579.000,3599.000,3561.000,3580.000,900950,1621101,3579.000
2021-04-22,3560.000,3653.000,3544.000,3629.000,1158903,1653565,3605.000
2021-04-23,3632.000,3664.000,3613.000,3647.000,1009062,1664789,3638.000
2021-04-26,3630.000,3692.000,3608.000,3649.000,1253629,1656745,3649.000
2021-04-27,3662.000,3705.000,3648.000,3682.000,1310327,1672017,3676.000
2021-04-28,3682.000,3684.000,3558.000,3613.000,1516284,1627540,3625.000
2021-04-29,3618.000,3632.000,3583.000,3587.000,1004010,1591283,3607.000
2021-04-30,3592.000,3613.000,3554.000,3575.000,1105012,1529195,3582.000
2021-05-06,3648.000,3689.000,3632.000,3669.000,764619,1560692,3666.000
2021-05-07,3672.000,3767.000,3670.000,3709.000,1221530,1576381,3719.000
2021-05-10,3712.000,3714.000,3651.000,3689.000,1270788,1524429,3684.000
2021-05-11,3695.000,3702.000,3642.000,3674.000,1086497,1486066,3672.000
2021-05-12,3691.000,3788.000,3690.000,3769.000,1501679,1465429,3755.000
2021-05-13,3762.000,3775.000,3650.000,3678.000,1414297,1404865,3701.000
2021-05-14,3657.000,3664.000,3579.000,3607.000,1413879,1371905,3615.000
2021-05-17,3610.000,3626.000,3564.000,3606.000,1045727,1384898,3597.000
2021-05-18,3620.000,3638.000,3598.000,3623.000,832477,1379714,3618.000
2021-05-19,3623.000,3630.000,3556.000,3571.000,1053479,1385991,3585.000
2021-05-20,3556.000,3570.000,3518.000,3567.000,1055398,1372549,3544.000
2021-05-21,3558.000,3558.000,3515.000,3524.000,984645,1371742,3536.000
2021-05-24,3528.000,3542.000,3479.000,3528.000,991746,1357043,3514.000
2021-05-25,3530.000,3556.000,3518.000,3538.000,846481,1340672,3536.000
2021-05-26,3522.000,3538.000,3486.000,3508.000,906626,1333543,3513.000
2021-05-27,3499.000,3518.000,3461.000,3472.000,1094576,1339979,3484.000
2021-05-28,3482.000,3576.000,3482.000,3532.000,1002544,1272668,3527.000
2021-05-31,3516.000,3547.000,3509.000,3521.000,778152,1273544,3526.000
2021-06-01,3527.000,3572.000,3517.000,3541.000,808073,1257383,3546.000
2021-06-02,3562.000,3595.000,3555.000,3567.000,958498,1237217,3572.000
2021-06-03,3569.000,3604.000,3539.000,3604.000,1184488,1275413,3570.000
2021-06-04,3589.000,3602.000,3521.000,3535.000,1093693,1275995,3550.000
2021-06-07,3555.000,3633.000,3549.000,3622.000,1180858,1260414,3599.000
2021-06-08,3643.000,3647.000,3584.000,3615.000,1175397,1220341,3614.000
2021-06-09,3615.000,3658.000,3600.000,3619.000,1130676,1250252,3629.000
2021-06-10,3610.000,3632.000,3604.000,3628.000,866223,1258737,3617.000
2021-06-11,3639.000,3667.000,3619.000,3642.000,1169743,1263317,3640.000
2021-06-15,3555.000,3565.000,3479.000,3494.000,1238722,1250055,3509.000
2021-06-16,3493.000,3501.000,3470.000,3474.000,939399,1237569,3484.000
2021-06-17,3480.000,3495.000,3420.000,3450.000,1121431,1216818,3461.000
2021-06-18,3427.000,3444.000,3310.000,3373.000,1533318,1165339,3382.000
2021-06-21,3402.000,3426.000,3383.000,3394.000,961505,1161999,3398.000
2021-06-22,3380.000,3428.000,3380.000,3393.000,783401,1168965,3400.000
2021-06-23,3398.000,3415.000,3377.000,3384.000,983472,1196867,3393.000
2021-06-24,3380.000,3404.000,3356.000,3390.000,1007880,1192806,3383.000
2021-06-25,3370.000,3403.000,3353.000,3397.000,970643,1195545,3377.000
2021-06-28,3405.000,3450.000,3365.000,3448.000,1283287,1177129,3407.000
2021-06-29,3444.000,3475.000,3435.000,3458.000,921731,1132818,3455.000
2021-06-30,3474.000,3499.000,3445.000,3486.000,811367,1123267,3471.000
2021-07-01,3486.000,3650.000,3464.000,3639.000,1479674,1151617,3587.000
2021-07-02,3666.000,3699.000,3661.000,3694.000,1161707,1219719,3683.000
2021-07-05,3696.000,3702.000,3622.000,3655.000,1001257,1172537,3662.000
2021-07-06,3655.000,3666.000,3626.000,3634.000,631577,1159976,3644.000
2021-07-07,3634.000,3635.000,3535.000,3571.000,1314132,1108109,3571.000
2021-07-08,3560.000,3590.000,3551.000,3584.000,831244,1104573,3566.000
2021-07-09,3563.000,3603.000,3554.000,3580.000,953837,1102340,3583.000
2021-07-12,3568.000,3609.000,3555.000,3590.000,1075229,1099178,3583.000
2021-07-13,3590.000,3633.000,3582.000,3613.000,786589,1093692,3607.000
2021-07-14,3623.000,3637.000,3589.000,3625.000,889543,1080709,3617.000
2021-07-15,3636.000,3678.000,3627.000,3662.000,805020,1094807,3656.000
2021-07-16,3651.000,3670.000,3645.000,3663.000,628229,1092417,3656.000
2021-07-19,3678.000,3767.000,3676.000,3709.000,1031235,1110889,3722.000
2021-07-20,3700.000,3711.000,3642.000,3704.000,874396,1099814,3686.000
2021-07-21,3713.000,3736.000,3648.000,3678.000,944743,1046855,3692.000
2021-07-22,3686.000,3696.000,3618.000,3622.000,827007,991347,3653.000
2021-07-23,3601.000,3607.000,3558.000,3578.000,805566,979039,3581.000
2021-07-26,3580.000,3588.000,3496.000,3503.000,877331,922833,3530.000
2021-07-27,3512.000,3550.000,3489.000,3533.000,782014,912712,3524.000
2021-07-28,3548.000,3593.000,3546.000,3553.000,684783,896609,3567.000
2021-07-29,3568.000,3625.000,3567.000,3623.000,729341,859247,3592.000
2021-07-30,3632.000,3655.000,3607.000,3652.000,658938,851649,3632.000
2021-08-02,3630.000,3642.000,3558.000,3636.000,858987,815907,3610.000
2021-08-03,3643.000,3646.000,3591.000,3625.000,603991,790847,3619.000
2021-08-04,3600.000,3617.000,3570.000,3588.000,695429,755362,3587.000
2021-08-05,3581.000,3596.000,3556.000,3558.000,644865,703427,3577.000
2021-08-06,3561.000,3598.000,3560.000,3577.000,542157,671850,3577.000
2021-08-09,3599.000,3629.000,3570.000,3617.000,667864,592115,3601.000
2021-08-10,3606.000,3641.000,3602.000,3628.000,488298,535951,3619.000
2021-08-11,3584.000,3597.000,3569.000,3586.000,721521,957216,3583.000
2021-08-12,3586.000,3596.000,3507.000,3523.000,1038827,1014540,3549.000
2021-08-13,3539.000,3623.000,3513.000,3620.000,1265984,1110610,3552.000
2021-08-16,3623.000,3650.000,3604.000,3639.000,1104127,1189188,3627.000
2021-08-17,3632.000,3651.000,3609.000,3637.000,918974,1212065,3634.000
2021-08-18,3642.000,3643.000,3583.000,3608.000,1029992,1199510,3609.000
2021-08-19,3608.000,3617.000,3543.000,3551.000,1043105,1127536,3575.000
2021-08-20,3528.000,3545.000,3508.000,3534.000,1051336,1132694,3531.000
2021-08-23,3526.000,3533.000,3477.000,3485.000,1096229,1172360,3499.000
2021-08-24,3485.000,3507.000,3463.000,3493.000,930864,1221203,3485.000
2021-08-25,3493.000,3525.000,3491.000,3502.000,809277,1245724,3506.000
2021-08-26,3511.000,3529.000,3490.000,3511.000,943286,1231631,3509.000
2021-08-27,3518.000,3518.000,3487.000,3501.000,829503,1225093,3504.000
2021-08-30,3504.000,3545.000,3491.000,3525.000,931175,1211934,3522.000
2021-08-31,3525.000,3531.000,3481.000,3517.000,962111,1210945,3504.000
2021-09-01,3506.000,3516.000,3479.000,3491.000,827234,1241813,3495.000
2021-09-02,3491.000,3520.000,3460.000,3504.000,1126822,1204639,3485.000
2021-09-03,3504.000,3511.000,3484.000,3487.000,877621,1199713,3496.000
2021-09-06,3489.000,3499.000,3462.000,3486.000,885267,1234916,3479.000
2021-09-07,3486.000,3533.000,3481.000,3524.000,869371,1214148,3506.000
2021-09-08,3518.000,3527.000,3485.000,3486.000,963660,1228401,3506.000
2021-09-09,3494.000,3499.000,3451.000,3468.000,1120175,1286089,3475.000
2021-09-10,3468.000,3500.000,3458.000,3500.000,1003851,1286898,3475.000
2021-09-13,3503.000,3547.000,3503.000,3530.000,1175783,1235779,3525.000
2021-09-14,3528.000,3553.000,3508.000,3545.000,958992,1269044,3532.000
2021-09-15,3545.000,3552.000,3526.000,3534.000,761338,1269020,3537.000
2021-09-16,3538.000,3550.000,3510.000,3548.000,975809,1294526,3533.000
2021-09-17,3549.000,3591.000,3548.000,3570.000,1212982,1279393,3570.000
2021-09-22,3560.000,3567.000,3530.000,3536.000,690874,1259069,3542.000
2021-09-23,3540.000,3563.000,3533.000,3535.000,791091,1259428,3547.000
2021-09-24,3535.000,3546.000,3508.000,3510.000,848549,1265412,3527.000
2021-09-27,3510.000,3539.000,3487.000,3538.000,967720,1242631,3516.000
2021-09-28,3538.000,3546.000,3488.000,3491.000,968792,1208610,3518.000
2021-09-29,3490.000,3500.000,3465.000,3478.000,862359,1201069,3481.000
2021-09-30,3483.000,3490.000,3457.000,3464.000,707276,1192578,3473.000
2021-10-08,3370.000,3390.000,3335.000,3350.000,1009296,1255563,3354.000
2021-10-11,3350.000,3368.000,3311.000,3325.000,1074156,1306079,3337.000
2021-10-12,3325.000,3325.000,3259.000,3299.000,1018785,1300521,3299.000
2021-10-13,3294.000,3294.000,3232.000,3236.000,986288,1292436,3260.000
2021-10-14,3236.000,3272.000,3203.000,3265.000,914345,1237859,3233.000
2021-10-15,3266.000,3279.000,3248.000,3263.000,650096,1240163,3260.000
2021-10-18,3277.000,3288.000,3224.000,3230.000,852467,1207724,3251.000
2021-10-19,3220.000,3239.000,3197.000,3224.000,736948,1200041,3219.000
2021-10-20,3231.000,3271.000,3222.000,3237.000,932191,1194510,3248.000
2021-10-21,3242.000,3273.000,3228.000,3254.000,861723,1165909,3248.000
2021-10-22,3248.000,3288.000,3222.000,3278.000,1027191,1131262,3270.000
2021-10-25,3278.000,3323.000,3252.000,3289.000,1034276,1160912,3288.000
2021-10-26,3293.000,3293.000,3250.000,3270.000,724786,1187943,3266.000
2021-10-27,3268.000,3269.000,3233.000,3257.000,693550,1179850,3249.000
2021-10-28,3250.000,3279.000,3234.000,3259.000,896423,1167928,3257.000
2021-10-29,3255.000,3277.000,3231.000,3233.000,831293,1199078,3253.000
2021-11-01,3223.000,3243.000,3148.000,3159.000,1164956,1183374,3197.000
2021-11-02,3170.000,3179.000,3138.000,3143.000,757375,1155811,3159.000
2021-11-03,3143.000,3169.000,3109.000,3130.000,848514,1125611,3134.000
2021-11-04,3130.000,3153.000,3102.000,3135.000,731341,1105982,3128.000
2021-11-05,3140.000,3144.000,3033.000,3051.000,931409,1085260,3086.000
2021-11-08,3045.000,3105.000,3023.000,3088.000,968827,1033096,3070.000
2021-11-09,3079.000,3103.000,3045.000,3091.000,700329,1015462,3077.000
2021-11-10,3097.000,3149.000,3078.000,3123.000,701487,983753,3111.000
2021-11-11,3122.000,3165.000,3115.000,3159.000,574024,971397,3142.000
2021-11-12,3164.000,3174.000,3137.000,3155.000,623063,897464,3157.000
2021-11-15,3155.000,3196.000,3128.000,3161.000,628325,882818,3159.000
2021-11-16,3181.000,3209.000,3168.000,3192.000,531164,882585,3187.000
2021-11-17,3194.000,3201.000,3165.000,3188.000,541531,870767,3182.000
2021-11-18,3200.000,3232.000,3183.000,3213.000,601847,860876,3207.000
2021-11-19,3217.000,3232.000,3182.000,3218.000,583518,860982,3210.000
2021-11-22,3200.000,3212.000,3175.000,3202.000,673075,822959,3190.000
2021-11-23,3202.000,3255.000,3194.000,3245.000,629386,827419,3227.000
2021-11-24,3240.000,3254.000,3222.000,3251.000,495110,803737,3240.000
2021-11-25,3260.000,3265.000,3201.000,3213.000,536734,764995,3226.000
2021-11-26,3213.000,3218.000,3191.000,3216.000,397056,754078,3205.000
2021-11-29,3216.000,3238.000,3160.000,3237.000,601266,716131,3203.000
2021-11-30,3237.000,3252.000,3193.000,3200.000,511183,691328,3218.000
2021-12-01,3196.000,3207.000,3175.000,3202.000,383781,669814,3186.000
2021-12-02,3200.000,3206.000,3170.000,3203.000,379620,664775,3187.000
2021-12-03,3213.000,3258.000,3200.000,3257.000,421779,671811,3233.000
2021-12-06,3107.000,3113.000,3069.000,3080.000,508591,1039224,3091.000
2021-12-07,3077.000,3079.000,3037.000,3043.000,662140,1050786,3055.000
2021-12-08,3043.000,3050.000,3021.000,3037.000,566631,1047536,3032.000
2021-12-09,3034.000,3111.000,3023.000,3096.000,862760,1109751,3075.000
2021-12-10,3086.000,3138.000,3077.000,3124.000,809073,1176444,3111.000
2021-12-13,3130.000,3155.000,3118.000,3124.000,704516,1208914,3134.000
2021-12-14,3114.000,3129.000,3071.000,3073.000,868554,1164929,3096.000
2021-12-15,3083.000,3148.000,3082.000,3124.000,1089715,1237025,3120.000
2021-12-16,3134.000,3176.000,3107.000,3168.000,1010061,1285138,3148.000
2021-12-17,3167.000,3178.000,3146.000,3174.000,706739,1319789,3165.000
2021-12-20,3180.000,3180.000,3138.000,3159.000,850416,1279944,3159.000
2021-12-21,3151.000,3183.000,3145.000,3153.000,781166,1299656,3164.000
2021-12-22,3147.000,3198.000,3140.000,3179.000,827218,1308354,3172.000
2021-12-23,3187.000,3248.000,3186.000,3246.000,1125843,1384424,3216.000
2021-12-24,3230.000,3272.000,3224.000,3263.000,805794,1399752,3248.000
2021-12-27,3265.000,3268.000,3226.000,3230.000,726395,1371882,3241.000
2021-12-28,3248.000,3290.000,3231.000,3258.000,1053180,1396448,3259.000
2021-12-29,3259.000,3260.000,3205.000,3226.000,869507,1383950,3229.000
2021-12-30,3202.000,3247.000,3191.000,3232.000,700560,1400701,0.000
2021-12-31,3215.000,3217.000,3170.000,3189.000,875469,1388687,3192.000
2022-01-04,3220.000,3263.000,3218.000,3250.000,625772,1424194,3247.000
2022-01-05,3242.000,3298.000,3238.000,3293.000,787718,1453763,3274.000
2022-01-06,3283.000,3285.000,3212.000,3215.000,1031941,1416152,3247.000
2022-01-07,3225.000,3245.000,3215.000,3225.000,697417,1396599,3229.000
2022-01-10,3230.000,3283.000,3206.000,3231.000,1035124,1373919,3242.000
2022-01-11,3241.000,3260.000,3221.000,3229.000,715204,1364909,3239.000
2022-01-12,3229.000,3259.000,3198.000,3247.000,895344,1374316,3228.000
2022-01-13,3233.000,3259.000,3210.000,3243.000,947940,1368176,3231.000
2022-01-14,3230.000,3232.000,3178.000,3186.000,906804,1383324,3201.000
2022-01-17,3195.000,3205.000,3144.000,3170.000,966711,1387885,3173.000
2022-01-18,3174.000,3176.000,3144.000,3156.000,639618,1403804,3161.000
2022-01-19,3143.000,3183.000,3121.000,3177.000,856746,1388303,3153.000
2022-01-20,3184.000,3247.000,3175.000,3243.000,1007446,1351217,3221.000
2022-01-21,3239.000,3281.000,3228.000,3270.000,941279,1302675,3257.000
2022-01-24,3278.000,3282.000,3244.000,3253.000,835944,1313246,3263.000
2022-01-25,3249.000,3253.000,3207.000,3248.000,762507,1273850,3234.000
2022-01-26,3242.000,3267.000,3235.000,3260.000,634022,1263818,3251.000
2022-01-27,3269.000,3379.000,3268.000,3338.000,1231088,1285356,3323.000
2022-01-28,3358.000,3393.000,3345.000,3378.000,863987,1238750,3367.000
2022-02-07,3634.000,3636.000,3614.000,3636.000,223073,1227362,3634.000
2022-02-08,3710.000,3754.000,3683.000,3695.000,1480421,1301272,3707.000
2022-02-09,3705.000,3764.000,3688.000,3748.000,1420390,1427058,3725.000
2022-02-10,3754.000,3843.000,3733.000,3814.000,1538508,1472010,3792.000
2022-02-11,3850.000,3903.000,3731.000,3745.000,1840992,1441042,3800.000
2022-02-14,3781.000,3794.000,3709.000,3724.000,1349966,1408680,3753.000
2022-02-15,3698.000,3723.000,3659.000,3687.000,1388308,1361717,3686.000
2022-02-16,3655.000,3727.000,3646.000,3708.000,1197867,1360212,3684.000
2022-02-17,3708.000,3778.000,3660.000,3769.000,1409416,1376629,3717.000
2022-02-18,3785.000,3824.000,3746.000,3781.000,1274942,1351180,3782.000
2022-02-21,3785.000,3817.000,3762.000,3803.000,1197690,1351065,3787.000
2022-02-22,3815.000,3885.000,3806.000,3877.000,1309910,1402037,3844.000
2022-02-23,3803.000,3953.000,3746.000,3906.000,2065057,1407668,3867.000
2022-02-24,3924.000,4107.000,3896.000,4062.000,1954776,1390834,3989.000
2022-02-25,4009.000,4067.000,3884.000,3918.000,2445430,1314116,3970.000
2022-02-28,3855.000,3899.000,3758.000,3862.000,2149034,1232452,3823.000
2022-03-01,3862.000,3955.000,3820.000,3911.000,1430739,1215730,3886.000
2022-03-02,3952.000,3996.000,3836.000,3903.000,1969304,1203928,3914.000
2022-03-03,3915.000,3929.000,3834.000,3895.000,1558260,1182290,3883.000
2022-03-04,3869.000,3958.000,3851.000,3902.000,1595387,1201748,3901.000
2022-03-07,3936.000,4096.000,3930.000,4089.000,1643916,1249394,4008.000
2022-03-08,4075.000,4194.000,4001.000,4153.000,2191347,1276621,4083.000
2022-03-09,4110.000,4266.000,4098.000,4222.000,1993209,1248409,4195.000
2022-03-10,4151.000,4192.000,4064.000,4130.000,1716504,1161873,4132.000
2022-03-11,4150.000,4232.000,4143.000,4186.000,1242858,1181709,4185.000
2022-03-14,4161.000,4231.000,4090.000,4219.000,1618979,1205135,4164.000
2022-03-15,4190.000,4236.000,4117.000,4121.000,1488312,1200347,4176.000
2022-03-16,4110.000,4214.000,4045.000,4194.000,1506281,1200367,4127.000
2022-03-17,4201.000,4250.000,4137.000,4176.000,1364040,1206317,4189.000
2022-03-18,4205.000,4272.000,4180.000,4269.000,1337392,1281278,4224.000
2022-03-21,4243.000,4304.000,4215.000,4277.000,1306115,1303842,4264.000
2022-03-22,4277.000,4412.000,4253.000,4395.000,1616315,1339730,4356.000
2022-03-23,4361.000,4421.000,4348.000,4407.000,1331296,1262590,4380.000
2022-03-24,4428.000,4495.000,4365.000,4388.000,1699033,1182259,4428.000
2022-03-25,4398.000,4458.000,4306.000,4347.000,1542709,1111064,4388.000
2022-03-28,4351.000,4371.000,4254.000,4260.000,1292156,967844,4313.000
2022-03-29,4240.000,4256.000,4182.000,4187.000,1022058,876420,4220.000
2022-03-30,4122.000,4148.000,4052.000,4105.000,1014470,804180,4096.000
2022-03-31,4044.000,4085.000,4002.000,4038.000,1124222,1230089,4040.000
2022-04-01,4029.000,4049.000,3807.000,3808.000,1388247,1175872,3909.000
2022-04-06,3885.000,3891.000,3831.000,3856.000,626319,1211184,3864.000
2022-04-07,3856.000,3856.000,3804.000,3829.000,858859,1211317,3834.000
2022-04-08,3829.000,3895.000,3812.000,3880.000,889716,1183647,3864.000
2022-04-11,3885.000,3970.000,3885.000,3939.000,952809,1217464,3929.000
2022-04-12,3947.000,3948.000,3882.000,3923.000,832519,1199134,3906.000
2022-04-13,3940.000,3952.000,3882.000,3905.000,837541,1218827,3915.000
2022-04-14,3923.000,3938.000,3875.000,3928.000,831230,1251607,3914.000
2022-04-15,3928.000,3961.000,3885.000,3923.000,811646,1250318,3916.000
2022-04-18,3923.000,3980.000,3892.000,3934.000,939819,1248076,3931.000
2022-04-19,3934.000,4033.000,3913.000,4029.000,1002291,1288043,3978.000
2022-04-20,4029.000,4098.000,3996.000,4064.000,1167511,1338881,4048.000
2022-04-21,4075.000,4128.000,4046.000,4118.000,920686,1404653,4091.000
2022-04-22,4102.000,4139.000,4069.000,4075.000,1019950,1386512,4097.000
2022-04-25,4100.000,4118.000,3947.000,3956.000,1301465,1315849,4020.000
2022-04-26,3950.000,4019.000,3945.000,3983.000,921077,1312029,3982.000
2022-04-27,4300.000,4300.000,3911.000,4001.000,1048940,1272640,4005.000
2022-04-28,4010.000,4076.000,3975.000,4063.000,1031240,1302476,4030.000
2022-04-29,4065.000,4078.000,4025.000,4073.000,713024,1264680,4049.000
2022-05-05,4000.000,4055.000,3990.000,4050.000,498684,1293693,4025.000
2022-05-06,4048.000,4090.000,3974.000,3979.000,920243,1241382,4028.000
2022-05-09,3999.000,3999.000,3887.000,3900.000,869133,1209693,3928.000
2022-05-10,3890.000,3939.000,3854.000,3927.000,863213,1202134,3901.000
2022-05-11,3930.000,3945.000,3911.000,3931.000,576699,1223243,3927.000
2022-05-12,3933.000,3966.000,3921.000,3933.000,637250,1236824,3942.000
2022-05-13,3933.000,4077.000,3925.000,4054.000,1142813,1295288,4017.000
2022-05-16,4040.000,4146.000,4040.000,4141.000,804323,1326221,4106.000
2022-05-17,4141.000,4143.000,4110.000,4129.000,550046,1338930,4128.000
2022-05-18,4142.000,4160.000,4127.000,4133.000,612240,1370126,4143.000
2022-05-19,4141.000,4162.000,4102.000,4114.000,751390,1356041,4129.000
2022-05-20,4117.000,4176.000,4110.000,4174.000,724993,1397725,4155.000
2022-05-23,4155.000,4245.000,4154.000,4188.000,703374,1399257,4195.000
2022-05-24,4175.000,4176.000,4071.000,4098.000,857255,1335139,4113.000
2022-05-25,4125.000,4126.000,4069.000,4106.000,543951,1301862,4097.000
2022-05-26,4063.000,4124.000,4043.000,4117.000,649868,1296610,4080.000
2022-05-27,4114.000,4216.000,4106.000,4200.000,811872,1309855,4172.000
2022-05-30,4210.000,4210.000,4168.000,4193.000,544700,1328166,4188.000
2022-05-31,4190.000,4221.000,4186.000,4212.000,457282,1334477,4205.000
2022-06-01,4195.000,4210.000,4089.000,4132.000,874811,1291069,4144.000
2022-06-02,4132.000,4155.000,4100.000,4145.000,562013,1247264,4134.000
2022-06-06,4188.000,4196.000,4141.000,4146.000,356132,1232665,4166.000
2022-06-07,4129.000,4154.000,4106.000,4123.000,574740,1222813,4129.000
2022-06-08,4127.000,4209.000,4084.000,4193.000,890945,1267591,4154.000
2022-06-09,4210.000,4253.000,4166.000,4186.000,629700,1288541,4209.000
2022-06-10,4195.000,4286.000,4186.000,4264.000,750128,1360227,4239.000
2022-06-13,4272.000,4285.000,4142.000,4165.000,900244,1275719,4210.000
2022-06-14,4161.000,4166.000,4100.000,4138.000,691619,1237381,4131.000
2022-06-15,4138.000,4158.000,4089.000,4104.000,628058,1229741,4118.000
2022-06-16,4100.000,4144.000,4089.000,4118.000,638786,1220929,4115.000
2022-06-17,4125.000,4191.000,4104.000,4188.000,800276,1273222,4151.000
2022-06-20,4188.000,4207.000,4112.000,4129.000,814791,1265502,4157.000
2022-06-21,4127.000,4141.000,4080.000,4094.000,896923,1244702,4105.000
2022-06-22,4090.000,4146.000,4022.000,4025.000,1103396,1221864,4076.000
2022-06-23,4025.000,4050.000,3770.000,3850.000,1998717,1151757,3891.000
2022-06-24,3850.000,3853.000,3722.000,3783.000,1368947,1105384,3787.000
2022-06-27,3820.000,3857.000,3746.000,3825.000,1072337,1056590,3805.000
2022-06-28,3844.000,3905.000,3819.000,3897.000,740942,1035134,3866.000
2022-06-29,3894.000,3920.000,3862.000,3881.000,682095,1015563,3887.000
2022-06-30,3905.000,3924.000,3876.000,3909.000,669970,982401,3901.000
2022-07-01,3881.000,3950.000,3827.000,3874.000,1208676,977356,3886.000
2022-07-04,3874.000,3878.000,3746.000,3837.000,1140409,971323,3816.000
2022-07-05,3837.000,3875.000,3781.000,3835.000,855391,985406,3833.000
2022-07-06,3822.000,3839.000,3674.000,3800.000,1655942,1018506,3762.000
2022-07-07,3810.000,3939.000,3785.000,3878.000,1295441,1005001,3855.000
2022-07-08,3925.000,3959.000,3890.000,3904.000,866055,1025075,3919.000
2022-07-11,3903.000,4020.000,3870.000,3986.000,862302,1051316,3957.000
2022-07-12,3978.000,4001.000,3946.000,3957.000,719970,1038679,3971.000
2022-07-13,3926.000,3962.000,3828.000,3910.000,1164745,1041688,3891.000
2022-07-14,3881.000,3977.000,3868.000,3963.000,932025,1061478,3926.000
2022-07-15,3942.000,3969.000,3884.000,3906.000,1042197,1042968,3927.000
2022-07-18,3920.000,3985.000,3871.000,3965.000,947577,1048324,3930.000
2022-07-19,3973.000,3995.000,3897.000,3898.000,785605,1021102,3951.000
2022-07-20,3870.000,3879.000,3769.000,3809.000,1246495,922566,3819.000
2022-07-21,3805.000,3833.000,3801.000,3820.000,691810,912435,3818.000
2022-07-22,3798.000,3821.000,3733.000,3759.000,861984,903583,3775.000
2022-07-25,3761.000,3863.000,3755.000,3791.000,707381,871029,3806.000
2022-07-26,3825.000,3904.000,3802.000,3898.000,638790,862054,3862.000
2022-07-27,3910.000,3945.000,3885.000,3920.000,584243,882351,3913.000
2022-07-28,3945.000,4006.000,3931.000,3962.000,597101,896784,3970.000
2022-07-29,3941.000,3996.000,3928.000,3988.000,545306,879464,3963.000
2022-08-01,4013.000,4073.000,3981.000,4008.000,684444,870850,4027.000
2022-08-02,3983.000,4008.000,3905.000,3956.000,618460,814025,3957.000
2022-08-03,3942.000,3992.000,3928.000,3970.000,510277,783524,3955.000
2022-08-04,4000.000,4000.000,3920.000,3946.000,472920,783471,3946.000
2022-08-05,3987.000,4079.000,3975.000,4079.000,538260,811993,4027.000
2022-08-08,4049.000,4050.000,4001.000,4033.000,411779,767935,4024.000
2022-08-09,4015.000,4043.000,4004.000,4009.000,346572,710882,4019.000
2022-08-10,4030.000,4076.000,4026.000,4063.000,334233,669533,4049.000
2022-08-11,3746.000,3776.000,3685.000,3721.000,663284,997862,3733.000
2022-08-12,3739.000,3772.000,3705.000,3761.000,488881,1046981,3749.000
2022-08-15,3745.000,3795.000,3674.000,3686.000,744220,1035497,3716.000
2022-08-16,3660.000,3687.000,3636.000,3675.000,618009,1016934,3664.000
2022-08-17,3660.000,3674.000,3640.000,3655.000,490495,1026778,3658.000
2022-08-18,3662.000,3672.000,3635.000,3639.000,492540,1024112,3655.000
2022-08-19,3652.000,3701.000,3615.000,3687.000,814048,1061727,3662.000
2022-08-22,3680.000,3706.000,3651.000,3698.000,511938,1066157,3681.000
2022-08-23,3717.000,3872.000,3715.000,3853.000,1069335,1207918,3806.000
2022-08-24,3839.000,3895.000,3836.000,3882.000,696780,1253499,3864.000
2022-08-25,3890.000,3898.000,3809.000,3832.000,771592,1244480,3846.000
2022-08-26,3808.000,3814.000,3756.000,3773.000,761101,1246412,3784.000
2022-08-29,3777.000,3809.000,3763.000,3789.000,687400,1233359,3789.000
2022-08-30,3800.000,3807.000,3733.000,3762.000,550364,1215303,3767.000
2022-08-31,3741.000,3793.000,3732.000,3789.000,486270,1241723,3763.000
2022-09-01,3759.000,3787.000,3751.000,3773.000,600741,1285898,3767.000
2022-09-02,3769.000,3823.000,3742.000,3820.000,800769,1352288,3781.000
2022-09-05,3825.000,3879.000,3817.000,3864.000,696238,1382153,3844.000
2022-09-06,3870.000,3886.000,3801.000,3811.000,644897,1353652,3833.000
2022-09-07,3800.000,3858.000,3783.000,3840.000,773136,1408322,3815.000
2022-09-08,3860.000,3923.000,3835.000,3838.000,825923,1397783,3869.000
2022-09-09,3838.000,3871.000,3800.000,3852.000,698996,1389185,3839.000
2022-09-13,4060.000,4079.000,4024.000,4060.000,763947,1469391,4048.000
2022-09-14,4043.000,4070.000,4027.000,4042.000,702601,1483377,4049.000
2022-09-15,4042.000,4042.000,3968.000,3985.000,861169,1445744,3997.000
2022-09-16,3981.000,4012.000,3969.000,3999.000,603105,1446981,3992.000
2022-09-19,3983.000,4030.000,3960.000,4000.000,661359,1443673,3996.000
2022-09-20,3993.000,4033.000,3979.000,4011.000,722706,1463146,4008.000
2022-09-21,3999.000,4068.000,3986.000,4058.000,778720,1506489,4028.000
2022-09-22,4051.000,4103.000,4035.000,4077.000,903478,1526244,4067.000
2022-09-23,4067.000,4082.000,4038.000,4047.000,716125,1506707,4058.000
2022-09-26,4031.000,4049.000,3990.000,4014.000,912646,1481722,4016.000
2022-09-27,4012.000,4048.000,4010.000,4036.000,613377,1478006,4030.000
2022-09-28,4051.000,4086.000,4018.000,4060.000,865922,1466602,4054.000
2022-09-29,4065.000,4153.000,4053.000,4141.000,973875,1532148,4102.000
2022-09-30,4142.000,4175.000,4053.000,4099.000,1141329,1444455,4104.000
2022-10-10,4196.000,4196.000,4084.000,4093.000,844508,1476909,4112.000
2022-10-11,4114.000,4116.000,4032.000,4045.000,832100,1494657,4066.000
2022-10-12,4034.000,4081.000,4025.000,4076.000,762599,1521022,4048.000
2022-10-13,4068.000,4121.000,4059.000,4078.000,896242,1603204,4088.000
2022-10-14,4073.000,4172.000,4063.000,4163.000,1101374,1771110,4123.000
2022-10-17,4150.000,4182.000,4053.000,4054.000,1167499,1692996,4111.000
2022-10-18,4068.000,4074.000,3994.000,4003.000,1008008,1625716,4032.000
2022-10-19,4003.000,4018.000,3961.000,3988.000,1041935,1627529,3992.000
2022-10-20,3975.000,4042.000,3961.000,4014.000,1029073,1603996,4009.000
2022-10-21,4030.000,4091.000,4004.000,4008.000,1010021,1583904,4049.000
2022-10-24,3998.000,4065.000,3997.000,4052.000,1045872,1596328,4037.000
2022-10-25,4050.000,4066.000,4007.000,4036.000,1042509,1582712,4038.000
2022-10-26,4040.000,4107.000,4034.000,4102.000,897050,1646054,4078.000
2022-10-27,4105.000,4113.000,4051.000,4073.000,948723,1684044,4078.000
2022-10-28,4080.000,4104.000,4024.000,4042.000,1136261,1642217,4062.000
2022-10-31,4049.000,4120.000,4013.000,4111.000,1352574,1649514,4074.000
2022-11-01,4099.000,4255.000,4095.000,4234.000,1720223,1734127,4190.000
2022-11-02,4234.000,4291.000,4194.000,4201.000,1340448,1724217,4242.000
2022-11-03,4188.000,4234.000,4158.000,4210.000,1205535,1686084,4195.000
2022-11-04,4184.000,4217.000,4156.000,4188.000,1260284,1646675,4188.000
2022-11-07,4198.000,4226.000,4167.000,4218.000,1138884,1629247,4197.000
2022-11-08,4228.000,4283.000,4218.000,4251.000,1134213,1656829,4246.000
2022-11-09,4246.000,4265.000,4223.000,4260.000,927906,1645489,4245.000
2022-11-10,4253.000,4329.000,4234.000,4297.000,1142286,1671322,4284.000
2022-11-11,4278.000,4304.000,4210.000,4234.000,1257305,1622936,4249.000
2022-11-14,4226.000,4244.000,4136.000,4163.000,1156722,1517003,4191.000
2022-11-15,4169.000,4182.000,4131.000,4149.000,755314,1483165,4155.000
2022-11-16,4136.000,4187.000,4124.000,4169.000,809156,1451239,4154.000
2022-11-17,4168.000,4174.000,4133.000,4143.000,701667,1407329,4151.000
2022-11-18,4126.000,4151.000,4090.000,4109.000,1065840,1343688,4122.000
2022-11-21,4119.000,4157.000,4108.000,4139.000,748685,1329264,4132.000
2022-11-22,4140.000,4187.000,4139.000,4168.000,676971,1330936,4168.000
2022-11-23,4168.000,4225.000,4166.000,4212.000,831040,1317647,4197.000
2022-11-24,4202.000,4276.000,4199.000,4256.000,647970,1322386,4245.000
2022-11-25,4259.000,4306.000,4242.000,4303.000,682484,1338919,4277.000
2022-11-28,4310.000,4314.000,4220.000,4220.000,917405,1266370,4252.000
2022-11-29,4239.000,4270.000,4213.000,4261.000,564416,1233079,4248.000
2022-11-30,4260.000,4306.000,4249.000,4298.000,721357,1258236,4277.000
2022-12-01,4315.000,4324.000,4262.000,4276.000,696224,1221178,4286.000
2022-12-02,4265.000,4315.000,4255.000,4281.000,774240,1171198,4284.000
2022-12-05,4280.000,4301.000,4234.000,4249.000,891171,1105582,4261.000
2022-12-06,4270.000,4283.000,4232.000,4261.000,693776,1056725,4255.000
2022-12-07,4271.000,4295.000,4259.000,4285.000,611090,1030576,4280.000
2022-12-08,4295.000,4435.000,4293.000,4428.000,1270128,1087032,4375.000
2022-12-09,4420.000,4448.000,4407.000,4444.000,648425,1033620,4426.000
2022-12-12,4450.000,4450.000,4372.000,4377.000,864066,929760,4406.000
2022-12-13,4372.000,4385.000,4341.000,4369.000,480893,847837,4364.000
2022-12-14,4364.000,4382.000,4268.000,4289.000,828968,720656,4329.000
2022-12-15,4284.000,4300.000,4251.000,4289.000,554586,626686,4268.000
2022-12-16,4290.000,4345.000,4289.000,4292.000,437156,543976,4313.000
2022-12-19,3745.000,3782.000,3682.000,3704.000,906522,1057450,3724.000
2022-12-20,3715.000,3727.000,3681.000,3719.000,591419,1052064,3706.000
2022-12-21,3719.000,3778.000,3718.000,3758.000,693989,1098947,3755.000
2022-12-22,3767.000,3785.000,3757.000,3775.000,471822,1128290,3772.000
2022-12-23,3774.000,3798.000,3752.000,3788.000,516415,1143013,3775.000
2022-12-26,3798.000,3901.000,3789.000,3878.000,817355,1232250,3852.000
2022-12-27,3882.000,3908.000,3871.000,3893.000,561175,1251151,3890.000
2022-12-28,3887.000,3890.000,3811.000,3839.000,815288,1262550,3842.000
2022-12-29,3840.000,3894.000,3836.000,3882.000,622281,1303573,3867.000
2022-12-30,3870.000,3940.000,3851.000,3936.000,885334,1348032,3898.000
2023-01-03,3935.000,3976.000,3910.000,3943.000,504292,1381983,3942.000
2023-01-04,3943.000,3951.000,3856.000,3866.000,871802,1358840,3890.000
2023-01-05,3861.000,3874.000,3817.000,3831.000,621266,1325561,3843.000
2023-01-06,3830.000,3830.000,3780.000,3797.000,704879,1320358,3801.000
2023-01-09,3787.000,3839.000,3782.000,3819.000,672302,1289438,3811.000
2023-01-10,3813.000,3822.000,3764.000,3782.000,646419,1274696,3785.000
2023-01-11,3781.000,3822.000,3769.000,3820.000,528153,1267663,3796.000
2023-01-12,3822.000,3887.000,3821.000,3877.000,699276,1291762,3854.000
2023-01-13,3877.000,3921.000,3867.000,3916.000,621285,1299445,3896.000
2023-01-16,3901.000,3914.000,3869.000,3899.000,484030,1295248,3895.000
2023-01-17,3908.000,3910.000,3851.000,3884.000,549146,1279022,3879.000
2023-01-18,3892.000,3967.000,3867.000,3952.000,630173,1299236,3925.000
2023-01-19,3940.000,3940.000,3875.000,3886.000,620465,1291838,3897.000
2023-01-20,3889.000,3889.000,3838.000,3841.000,488082,1259265,3859.000
2023-01-30,3879.000,3908.000,3858.000,3899.000,459787,1291578,3884.000
2023-01-31,3922.000,3936.000,3893.000,3906.000,639536,1315410,3917.000
2023-02-01,3899.000,3899.000,3869.000,3890.000,585474,1288518,3884.000
2023-02-02,3898.000,3918.000,3850.000,3876.000,669229,1282770,3881.000
2023-02-03,3875.000,3899.000,3843.000,3891.000,760028,1275605,3870.000
2023-02-06,3892.000,3947.000,3886.000,3922.000,824570,1318439,3918.000
2023-02-07,3918.000,3918.000,3858.000,3867.000,723723,1303807,3880.000
2023-02-08,3871.000,3881.000,3852.000,3866.000,596518,1308800,3865.000
2023-02-09,3870.000,3892.000,3815.000,3819.000,841016,1329160,3852.000
2023-02-10,3840.000,3870.000,3810.000,3853.000,726217,1299842,3845.000
2023-02-13,3849.000,3921.000,3838.000,3882.000,720835,1307973,3885.000
2023-02-14,3880.000,3895.000,3861.000,3881.000,515010,1302942,3875.000
2023-02-15,3878.000,3892.000,3828.000,3838.000,811976,1309534,3855.000
2023-02-16,3828.000,3843.000,3803.000,3835.000,606019,1327550,3822.000
2023-02-17,3822.000,3838.000,3814.000,3828.000,484402,1342810,3826.000
2023-02-20,3835.000,3880.000,3791.000,3866.000,738973,1319533,3840.000
2023-02-21,3879.000,3884.000,3845.000,3857.000,444550,1327686,3861.000
2023-02-22,3858.000,3896.000,3848.000,3874.000,638860,1323720,3873.000
2023-02-23,3870.000,3875.000,3835.000,3840.000,502713,1303371,3851.000
2023-02-24,3836.000,3870.000,3823.000,3859.000,571552,1301166,3849.000
2023-02-27,3856.000,3858.000,3813.000,3825.000,679723,1301375,3830.000
2023-02-28,3830.000,3838.000,3770.000,3775.000,700394,1335660,3799.000
2023-03-01,3774.000,3776.000,3732.000,3745.000,648174,1334897,3752.000
2023-03-02,3745.000,3748.000,3722.000,3736.000,525209,1340415,3734.000
2023-03-03,3745.000,3776.000,3735.000,3763.000,589517,1291238,3756.000
2023-03-06,3770.000,3786.000,3765.000,3782.000,467280,1273538,3777.000
2023-03-07,3782.000,3831.000,3776.000,3806.000,622984,1215890,3807.000
2023-03-08,3800.000,3820.000,3781.000,3800.000,485804,1207616,3800.000
2023-03-09,3795.000,3828.000,3793.000,3820.000,527622,1197897,3812.000
2023-03-10,3828.000,3845.000,3795.000,3799.000,609399,1170702,3819.000
2023-03-13,3789.000,3817.000,3765.000,3809.000,600431,1156233,3792.000
2023-03-14,3792.000,3808.000,3755.000,3765.000,682775,1134522,3778.000
2023-03-15,3765.000,3784.000,3746.000,3768.000,515445,1116080,3763.000
2023-03-16,3755.000,3774.000,3735.000,3745.000,582603,1093716,3751.000
2023-03-17,3758.000,3762.000,3700.000,3701.000,784303,1099683,3730.000
2023-03-20,3700.000,3703.000,3598.000,3599.000,875282,1084040,3653.000
2023-03-21,3610.000,3651.000,3594.000,3640.000,674343,1003146,3626.000
2023-03-22,3663.000,3669.000,3570.000,3602.000,710231,998363,3610.000
2023-03-23,3594.000,3599.000,3525.000,3544.000,702611,983812,3559.000
2023-03-24,3554.000,3554.000,3448.000,3507.000,1092103,942664,3493.000
2023-03-27,3489.000,3539.000,3462.000,3486.000,798790,949391,3499.000
2023-03-28,3502.000,3526.000,3481.000,3523.000,618806,879362,3505.000
2023-03-29,3536.000,3571.000,3528.000,3535.000,621293,851626,3547.000
2023-03-30,3549.000,3555.000,3527.000,3532.000,433726,845982,3543.000
2023-03-31,3542.000,3553.000,3502.000,3511.000,507762,843355,3526.000
2023-04-03,3519.000,3656.000,3486.000,3638.000,953263,799852,3584.000
2023-04-04,3643.000,3676.000,3638.000,3668.000,597669,748309,3656.000
2023-04-06,3628.000,3641.000,3595.000,3598.000,414771,715444,3620.000
2023-04-07,3588.000,3589.000,3539.000,3562.000,591660,663688,3559.000
2023-04-10,3560.000,3565.000,3531.000,3551.000,389538,627034,3551.000
2023-04-11,3585.000,3611.000,3551.000,3598.000,637521,943050,3582.000
2023-04-12,3596.000,3606.000,3542.000,3556.000,695725,969923,3570.000
2023-04-13,3561.000,3612.000,3558.000,3607.000,778042,1008418,3585.000
2023-04-14,3613.000,3623.000,3551.000,3551.000,882344,1068416,3588.000
2023-04-17,3551.000,3563.000,3505.000,3563.000,973596,1103078,3535.000
2023-04-18,3567.000,3607.000,3565.000,3595.000,882989,1160324,3588.000
2023-04-19,3586.000,3586.000,3485.000,3490.000,1246184,1314408,3533.000
2023-04-20,3489.000,3494.000,3409.000,3445.000,1210061,1372077,3448.000
2023-04-21,3436.000,3460.000,3402.000,3405.000,942738,1380471,3434.000
2023-04-24,3403.000,3440.000,3362.000,3431.000,1098366,1348922,3403.000
2023-04-25,3431.000,3444.000,3380.000,3425.000,1014083,1384928,3413.000
2023-04-26,3418.000,3475.000,3396.000,3472.000,1256712,1399014,3439.000
2023-04-27,3464.000,3475.000,3440.000,3450.000,965090,1404180,3457.000
2023-04-28,3441.000,3515.000,3428.000,3497.000,1077250,1416693,3478.000
2023-05-04,3503.000,3510.000,3460.000,3469.000,766599,1410343,3479.000
2023-05-05,3462.000,3524.000,3447.000,3518.000,1154436,1455345,3487.000
2023-05-08,3517.000,3565.000,3512.000,3544.000,1159403,1491404,3540.000
2023-05-09,3550.000,3553.000,3511.000,3527.000,876473,1514982,3531.000
2023-05-10,3520.000,3520.000,3461.000,3481.000,1138298,1510039,3490.000
2023-05-11,3481.000,3499.000,3455.000,3484.000,874186,1503255,3477.000
2023-05-12,3469.000,3552.000,3450.000,3537.000,1185989,1518335,3509.000
2023-05-15,3532.000,3536.000,3479.000,3506.000,1075011,1483984,3502.000
2023-05-16,3521.000,3557.000,3512.000,3548.000,954852,1481745,3537.000
2023-05-17,3544.000,3544.000,3457.000,3475.000,1059883,1410598,3489.000
2023-05-18,3470.000,3503.000,3435.000,3489.000,1140164,1427664,3476.000
2023-05-19,3473.000,3515.000,3450.000,3453.000,1170725,1416910,3483.000
2023-05-22,3465.000,3477.000,3413.000,3440.000,1214167,1400847,3443.000
2023-05-23,3455.000,3515.000,3442.000,3488.000,1045732,1419076,3488.000
2023-05-24,3500.000,3509.000,3438.000,3446.000,879658,1421308,3469.000
2023-05-25,3446.000,3476.000,3423.000,3434.000,979460,1397386,3445.000
2023-05-26,3441.000,3454.000,3403.000,3451.000,1038700,1366302,3428.000
2023-05-29,3460.000,3491.000,3416.000,3424.000,1103377,1377622,3456.000
2023-05-30,3426.000,3436.000,3408.000,3416.000,825845,1393720,3420.000
2023-05-31,3415.000,3424.000,3358.000,3379.000,1158607,1354291,3387.000
2023-06-01,3360.000,3460.000,3339.000,3444.000,1204658,1333123,3409.000
2023-06-02,3455.000,3463.000,3364.000,3398.000,1239826,1286005,3408.000
2023-06-05,3401.000,3528.000,3389.000,3499.000,1427899,1323443,3470.000
2023-06-06,3497.000,3526.000,3490.000,3505.000,1033275,1301241,3509.000
2023-06-07,3502.000,3515.000,3468.000,3478.000,927710,1249164,3490.000
2023-06-08,3480.000,3489.000,3460.000,3481.000,815306,1200220,3476.000
2023-06-09,3492.000,3505.000,3475.000,3494.000,745548,1197527,3488.000
2023-06-12,3497.000,3538.000,3489.000,3507.000,940947,1214469,3512.000
2023-06-13,3515.000,3546.000,3490.000,3542.000,934312,1249734,3513.000
2023-06-14,3559.000,3570.000,3527.000,3538.000,763468,1277431,3546.000
2023-06-15,3529.000,3604.000,3516.000,3595.000,1044245,1310331,3559.000
2023-06-16,3609.000,3686.000,3602.000,3665.000,1289550,1343634,3649.000
2023-06-19,3720.000,3735.000,3675.000,3705.000,1342446,1329379,3700.000
2023-06-20,3710.000,3790.000,3706.000,3755.000,1237170,1345087,3757.000
2023-06-21,3745.000,3820.000,3735.000,3819.000,1226081,1375204,3783.000
2023-06-26,3725.000,3789.000,3723.000,3787.000,771150,1367264,3757.000
2023-06-27,3795.000,3815.000,3740.000,3751.000,1148115,1342037,3769.000
2023-06-28,3710.000,3757.000,3697.000,3740.000,1086620,1339549,3724.000
2023-06-29,3714.000,3740.000,3688.000,3736.000,1201314,1325917,3715.000
2023-06-30,3723.000,3778.000,3704.000,3756.000,1168990,1289040,3741.000
2023-07-03,3756.000,3965.000,3746.000,3965.000,1130889,1296165,3893.000
2023-07-04,4030.000,4030.000,3926.000,3977.000,1654175,1273358,3976.000
2023-07-05,3972.000,4018.000,3958.000,3991.000,1145804,1273284,3986.000
2023-07-06,3989.000,4005.000,3940.000,3985.000,1141839,1301047,3977.000
2023-07-07,3974.000,3987.000,3945.000,3967.000,1059982,1301697,3967.000
2023-07-10,3959.000,3977.000,3898.000,3975.000,1185659,1277716,3934.000
2023-07-11,3990.000,4045.000,3984.000,3994.000,1208258,1259271,4010.000
2023-07-12,4015.000,4071.000,3983.000,4051.000,948510,1282282,4033.000
2023-07-13,4060.000,4096.000,3972.000,4020.000,1226458,1271499,4025.000
2023-07-14,4035.000,4095.000,4022.000,4023.000,975633,1246438,4052.000
2023-07-17,4050.000,4089.000,4030.000,4064.000,1088375,1267936,4062.000
2023-07-18,4084.000,4111.000,4056.000,4068.000,1234397,1283031,4082.000
2023-07-19,4097.000,4158.000,4088.000,4155.000,1257550,1350835,4137.000
2023-07-20,4192.000,4230.000,4157.000,4188.000,1491514,1314737,4193.000
2023-07-21,4181.000,4185.000,4138.000,4156.000,1120053,1278911,4159.000
2023-07-24,4140.000,4208.000,4137.000,4164.000,1346118,1252832,4178.000
2023-07-25,4190.000,4258.000,4175.000,4236.000,1162213,1260853,4216.000
2023-07-26,4217.000,4273.000,4211.000,4270.000,1017495,1270521,4240.000
2023-07-27,4267.000,4374.000,4261.000,4311.000,1429696,1225691,4324.000
2023-07-28,4314.000,4346.000,4266.000,4274.000,1278669,1154936,4302.000
2023-07-31,4262.000,4277.000,4195.000,4253.000,1227735,1100388,4237.000
2023-08-01,4246.000,4314.000,4246.000,4311.000,1199660,1041141,4285.000
2023-08-02,4297.000,4353.000,4284.000,4339.000,1067587,996692,4322.000
2023-08-03,4308.000,4342.000,4279.000,4322.000,1116415,926748,4313.000
2023-08-04,4325.000,4358.000,4317.000,4349.000,963265,883053,4337.000
2023-08-07,4352.000,4387.000,4321.000,4372.000,1094492,854467,4360.000
2023-08-08,4363.000,4389.000,4332.000,4371.000,827115,838934,4362.000
2023-08-09,4358.000,4466.000,4345.000,4426.000,1015795,758522,4410.000
2023-08-10,4427.000,4491.000,4413.000,4488.000,698741,722275,4444.000
2023-08-11,4489.000,4514.000,4445.000,4487.000,799935,628233,4481.000
2023-08-14,3860.000,3884.000,3800.000,3883.000,1197091,1556003,3841.000
2023-08-15,3890.000,3929.000,3872.000,3914.000,1343261,1611722,3906.000
2023-08-16,3898.000,3910.000,3865.000,3900.000,1212313,1635027,3887.000
2023-08-17,3902.000,3977.000,3902.000,3962.000,1401852,1693166,3940.000
2023-08-18,3950.000,4022.000,3940.000,4010.000,1481616,1766131,3982.000
2023-08-21,3990.000,4125.000,3986.000,4088.000,1742911,1762033,4068.000
2023-08-22,4089.000,4097.000,3972.000,3974.000,1736491,1741968,4037.000
2023-08-23,3990.000,4024.000,3964.000,3979.000,1434258,1780520,3994.000
2023-08-24,3980.000,4034.000,3977.000,3997.000,1300444,1824166,4002.000
2023-08-25,3998.000,4092.000,3984.000,4075.000,1407032,1835330,4045.000
2023-08-28,4086.000,4193.000,4064.000,4120.000,1993719,1860535,4133.000
2023-08-29,4120.000,4176.000,4115.000,4144.000,1476214,1850951,4148.000
2023-08-30,4140.000,4159.000,4111.000,4136.000,1149074,1824983,4134.000
2023-08-31,4155.000,4165.000,4123.000,4137.000,1025790,1811100,4144.000
2023-09-01,4137.000,4150.000,4075.000,4105.000,1775440,1856922,4109.000
2023-09-04,4105.000,4131.000,4019.000,4032.000,1749973,1823908,4076.000
2023-09-05,4036.000,4110.000,4033.000,4086.000,1189951,1854648,4076.000
2023-09-06,4086.000,4147.000,4075.000,4135.000,1149962,1863808,4118.000
2023-09-07,4150.000,4173.000,4113.000,4137.000,1217989,1840232,4144.000
2023-09-08,4140.000,4140.000,4053.000,4062.000,1520533,1773316,4090.000
2023-09-11,4080.000,4132.000,4065.000,4103.000,1104627,1770711,4098.000
2023-09-12,4111.000,4120.000,4044.000,4057.000,1169856,1775221,4084.000
2023-09-13,4059.000,4062.000,3973.000,3995.000,1749566,1755348,4004.000
2023-09-14,3996.000,4014.000,3948.000,3979.000,1263498,1736765,3982.000
2023-09-15,3985.000,4069.000,3980.000,4062.000,1221411,1726942,4026.000
2023-09-18,4040.000,4066.000,4008.000,4029.000,1063260,1730240,4036.000
2023-09-19,4027.000,4031.000,3925.000,3941.000,1486460,1717711,3972.000
2023-09-20,3952.000,3995.000,3936.000,3988.000,1044402,1713809,3969.000
2023-09-21,3994.000,3994.000,3930.000,3949.000,1081888,1699290,3960.000
2023-09-22,3941.000,3971.000,3917.000,3962.000,1029599,1687627,3941.000
2023-09-25,3961.000,3974.000,3915.000,3941.000,1081256,1656190,3944.000
2023-09-26,3950.000,4011.000,3922.000,3974.000,1190521,1668092,3975.000
2023-09-27,3975.000,4021.000,3939.000,4006.000,1128103,1635977,3979.000
2023-09-28,4006.000,4026.000,3974.000,3996.000,884561,1566592,4000.000
2023-10-09,3930.000,3930.000,3861.000,3867.000,952062,1514491,3890.000
2023-10-10,3869.000,3870.000,3792.000,3795.000,1120934,1545890,3831.000
2023-10-11,3805.000,3838.000,3762.000,3787.000,1188644,1534768,3800.000
2023-10-12,3776.000,3819.000,3773.000,3815.000,1039472,1479479,3802.000
2023-10-13,3818.000,3892.000,3803.000,3873.000,1134346,1440339,3856.000
2023-10-16,3895.000,3901.000,3842.000,3885.000,954355,1438355,3871.000
2023-10-17,3875.000,3908.000,3870.000,3884.000,799150,1438008,3888.000
2023-10-18,3900.000,3956.000,3892.000,3893.000,1149446,1438186,3918.000
2023-10-19,3900.000,3925.000,3863.000,3911.000,974389,1435067,3896.000
2023-10-20,3915.000,3946.000,3891.000,3913.000,1045966,1425655,3919.000
2023-10-23,3909.000,3952.000,3874.000,3886.000,1225522,1381725,3903.000
2023-10-24,3875.000,3883.000,3834.000,3859.000,1204862,1355426,3855.000
2023-10-25,3860.000,3943.000,3849.000,3895.000,1214490,1357121,3898.000
2023-10-26,3888.000,3916.000,3863.000,3908.000,974957,1361174,3890.000
2023-10-27,3910.000,3938.000,3905.000,3929.000,995740,1396980,3923.000
2023-10-30,3940.000,4016.000,3940.000,3992.000,1306823,1432155,3980.000
2023-10-31,3977.000,3977.000,3912.000,3916.000,1146756,1355984,3940.000
2023-11-01,3935.000,3963.000,3922.000,3957.000,1025930,1373404,3941.000
2023-11-02,3965.000,4002.000,3956.000,3997.000,971156,1409979,3983.000
2023-11-03,3998.000,4050.000,3986.000,4039.000,980092,1416407,4016.000
2023-11-06,4051.000,4124.000,4035.000,4118.000,1193756,1470005,4082.000
2023-11-07,4120.000,4142.000,4100.000,4100.000,1089983,1453476,4120.000
2023-11-08,4106.000,4159.000,4104.000,4129.000,1128557,1458938,4132.000
2023-11-09,4149.000,4162.000,4101.000,4119.000,1031330,1436279,4130.000
2023-11-10,4115.000,4126.000,4027.000,4028.000,1355205,1340955,4070.000
2023-11-13,4028.000,4072.000,4024.000,4058.000,856246,1312622,4049.000
2023-11-14,4054.000,4145.000,4045.000,4094.000,1016708,1288877,4097.000
2023-11-15,4094.000,4145.000,4086.000,4138.000,894691,1302100,4118.000
2023-11-16,4146.000,4149.000,4095.000,4126.000,808972,1288557,4118.000
2023-11-17,4097.000,4105.000,4028.000,4036.000,1075939,1245175,4058.000
2023-11-20,4036.000,4036.000,3952.000,3987.000,1388508,1170488,3987.000
2023-11-21,3987.000,4034.000,3981.000,4029.000,981579,1142896,4009.000
2023-11-22,4030.000,4066.000,3986.000,3997.000,829012,1118274,4026.000
2023-11-23,3993.000,4003.000,3945.000,3956.000,858594,1103807,3970.000
2023-11-24,3951.000,3984.000,3948.000,3969.000,513331,1103505,3966.000
2023-11-27,3978.000,3991.000,3886.000,3902.000,885472,1080697,3928.000
2023-11-28,3913.000,3920.000,3865.000,3899.000,765252,1067063,3886.000
2023-11-29,3907.000,3923.000,3871.000,3884.000,647318,1046833,3897.000
2023-11-30,3897.000,3910.000,3860.000,3885.000,821478,1018331,3884.000
2023-12-01,3878.000,3894.000,3821.000,3860.000,898692,988141,3862.000
2023-12-04,3856.000,3905.000,3854.000,3886.000,849549,948002,3881.000
2023-12-05,3886.000,3939.000,3872.000,3905.000,1024713,823748,3905.000
2023-12-06,3900.000,3935.000,3874.000,3927.000,735132,818991,3901.000
2023-12-07,3927.000,3953.000,3878.000,3943.000,704151,733164,3922.000
2023-12-08,3961.000,3981.000,3940.000,3978.000,527124,653374,3961.000
2023-12-11,3428.000,3470.000,3413.000,3418.000,813706,1232643,3432.000
2023-12-12,3423.000,3483.000,3410.000,3479.000,884968,1297412,3454.000
2023-12-13,3472.000,3480.000,3439.000,3463.000,766283,1323291,3458.000
2023-12-14,3455.000,3459.000,3404.000,3409.000,876100,1333459,3430.000
2023-12-15,3410.000,3446.000,3401.000,3404.000,742331,1322146,3424.000
2023-12-18,3414.000,3418.000,3361.000,3376.000,795667,1325088,3386.000
2023-12-19,3379.000,3417.000,3372.000,3380.000,725813,1330169,3393.000
2023-12-20,3370.000,3382.000,3343.000,3355.000,851729,1371101,3362.000
2023-12-21,3355.000,3365.000,3328.000,3355.000,1024227,1381303,3345.000
2023-12-22,3357.000,3367.000,3311.000,3322.000,980929,1395943,3332.000
2023-12-25,3328.000,3358.000,3314.000,3344.000,871637,1401118,3336.000
2023-12-26,3342.000,3370.000,3334.000,3338.000,699543,1398431,3351.000
2023-12-27,3330.000,3367.000,3326.000,3364.000,996284,1396052,3350.000
2023-12-28,3357.000,3384.000,3342.000,3360.000,822623,1382965,3361.000
2023-12-29,3361.000,3378.000,3313.000,3313.000,1026696,1383978,3343.000
2024-01-02,3290.000,3294.000,3234.000,3248.000,884958,1429605,3258.000
2024-01-03,3255.000,3255.000,3224.000,3245.000,696827,1403900,3239.000
2024-01-04,3248.000,3272.000,3240.000,3259.000,656713,1395513,3254.000
2024-01-05,3254.000,3259.000,3198.000,3205.000,831901,1441603,3226.000
2024-01-08,3200.000,3202.000,3151.000,3157.000,845592,1434756,3174.000
2024-01-09,3150.000,3170.000,3133.000,3162.000,709018,1446051,3154.000
2024-01-10,3163.000,3173.000,3130.000,3144.000,844483,1455228,3152.000
2024-01-11,3140.000,3145.000,3108.000,3135.000,925690,1488605,3125.000
2024-01-12,3127.000,3131.000,3075.000,3078.000,1126347,1591570,3098.000
2024-01-15,3078.000,3092.000,3029.000,3072.000,1208481,1608058,3068.000
2024-01-16,3063.000,3084.000,3050.000,3083.000,934543,1622658,3064.000
2024-01-17,3084.000,3098.000,3050.000,3054.000,948347,1657901,3076.000
2024-01-18,3043.000,3045.000,2988.000,3028.000,1483316,1656470,3017.000
2024-01-19,3032.000,3056.000,3015.000,3037.000,900991,1646722,3035.000
2024-01-22,3041.000,3067.000,3027.000,3039.000,1027285,1599048,3048.000
2024-01-23,3030.000,3065.000,3021.000,3047.000,860859,1598327,3046.000
2024-01-24,3056.000,3080.000,3053.000,3072.000,966427,1562450,3066.000
2024-01-25,3070.000,3085.000,3031.000,3050.000,1152009,1624197,3060.000
2024-01-26,3050.000,3051.000,2996.000,3007.000,1398809,1708447,3018.000
2024-01-29,2985.000,2988.000,2931.000,2952.000,1423920,1717407,2955.000
2024-01-30,2948.000,2975.000,2928.000,2944.000,1103599,1713807,2948.000
2024-01-31,2955.000,3018.000,2953.000,2994.000,1298710,1625456,2986.000
2024-02-01,2998.000,3047.000,2991.000,3033.000,1255921,1568889,3020.000
2024-02-02,3023.000,3031.000,2991.000,2997.000,1234806,1547703,3009.000
2024-02-05,3008.000,3024.000,2971.000,2993.000,1068865,1522173,2999.000
2024-02-06,2978.000,3013.000,2973.000,3002.000,799624,1519264,2993.000
2024-02-07,3006.000,3021.000,2974.000,2982.000,787206,1496097,2999.000
2024-02-08,2970.000,3011.000,2958.000,3007.000,723675,1412964,2983.000
2024-02-19,2999.000,3044.000,2996.000,3042.000,654355,1446980,3025.000
2024-02-20,3050.000,3070.000,3022.000,3026.000,890889,1484741,3042.000
2024-02-21,3025.000,3042.000,2992.000,3001.000,1099279,1555702,3012.000
2024-02-22,2988.000,2997.000,2968.000,2989.000,914329,1640606,2983.000
2024-02-23,2990.000,2998.000,2965.000,2996.000,874395,1642896,2983.000
2024-02-26,2990.000,3005.000,2967.000,2989.000,1085177,1662867,2987.000
2024-02-27,2980.000,3032.000,2974.000,3031.000,1123454,1649488,3011.000
2024-02-28,3032.000,3047.000,3013.000,3020.000,924970,1675386,3028.000
2024-02-29,3020.000,3036.000,3005.000,3021.000,963079,1648154,3021.000
2024-03-01,3003.000,3089.000,3000.000,3086.000,1471222,1649188,3049.000
2024-03-04,3086.000,3142.000,3083.000,3141.000,1332673,1605127,3109.000
2024-03-05,3140.000,3150.000,3112.000,3135.000,1467176,1574940,3129.000
2024-03-06,3126.000,3153.000,3122.000,3127.000,1146506,1593254,3134.000
2024-03-07,3122.000,3153.000,3112.000,3145.000,1087177,1585129,3131.000
2024-03-08,3165.000,3236.000,3151.000,3234.000,1800346,1604731,3185.000
2024-03-11,3218.000,3263.000,3186.000,3214.000,1561018,1551957,3220.000
2024-03-12,3206.000,3257.000,3193.000,3224.000,1265045,1533302,3228.000
2024-03-13,3237.000,3257.000,3201.000,3218.000,1464278,1527550,3226.000
2024-03-14,3208.000,3281.000,3203.000,3266.000,1821233,1505165,3239.000
2024-03-15,3266.000,3312.000,3238.000,3292.000,1925437,1463153,3278.000
2024-03-18,3270.000,3337.000,3260.000,3266.000,1803985,1446671,3290.000
2024-03-19,3271.000,3301.000,3266.000,3287.000,1255258,1427221,3281.000
2024-03-20,3280.000,3330.000,3278.000,3324.000,1216055,1429322,3302.000
2024-03-21,3339.000,3415.000,3324.000,3385.000,1666433,1424130,3370.000
2024-03-22,3377.000,3386.000,3305.000,3316.000,1498443,1379158,3345.000
2024-03-25,3315.000,3320.000,3226.000,3249.000,1700586,1308137,3264.000
2024-03-26,3252.000,3278.000,3247.000,3258.000,1033402,1263478,3261.000
2024-03-27,3257.000,3276.000,3233.000,3261.000,1121250,1184432,3254.000
2024-03-28,3260.000,3269.000,3199.000,3224.000,1292454,1057619,3229.000
2024-03-29,3226.000,3267.000,3210.000,3257.000,922923,1004475,3239.000
2024-04-01,3255.000,3287.000,3228.000,3286.000,858876,949744,3260.000
2024-04-02,3345.000,3357.000,3306.000,3317.000,1111195,1612256,3331.000
2024-04-03,3322.000,3330.000,3257.000,3293.000,1461433,1648113,3291.000
2024-04-08,3315.000,3346.000,3306.000,3323.000,805533,1690520,3327.000
2024-04-09,3330.000,3347.000,3303.000,3335.000,1198160,1800955,3332.000
2024-04-10,3330.000,3344.000,3308.000,3321.000,1135254,1849556,3326.000
2024-04-11,3315.000,3317.000,3276.000,3287.000,1297854,1883982,3294.000
2024-04-12,3282.000,3326.000,3271.000,3325.000,1205052,1910356,3291.000
2024-04-15,3335.000,3370.000,3335.000,3357.000,1682370,1976988,3355.000
2024-04-16,3356.000,3419.000,3336.000,3385.000,1663515,2035388,3377.000
2024-04-17,3380.000,3395.000,3285.000,3287.000,2052314,1955812,3326.000
2024-04-18,3288.000,3329.000,3277.000,3322.000,1208084,1959652,3307.000
2024-04-19,3308.000,3364.000,3302.000,3353.000,1525308,1974110,3331.000
2024-04-22,3351.000,3367.000,3330.000,3338.000,1187054,1996313,3350.000
2024-04-23,3342.000,3401.000,3316.000,3363.000,1720116,2022310,3364.000
2024-04-24,3350.000,3400.000,3345.000,3397.000,1252611,2114938,3381.000
2024-04-25,3398.000,3409.000,3355.000,3377.000,1451753,2142090,3378.000
2024-04-26,3373.000,3396.000,3356.000,3386.000,1219622,2144031,3380.000
2024-04-29,3380.000,3404.000,3353.000,3375.000,1189748,2129087,3376.000
2024-04-30,3380.000,3399.000,3364.000,3399.000,1271767,2095592,3384.000
2024-05-06,3474.000,3494.000,3454.000,3475.000,1202584,2147464,3478.000
2024-05-07,3486.000,3595.000,3485.000,3591.000,2296508,2240282,3556.000
2024-05-08,3575.000,3612.000,3563.000,3594.000,2093968,2323885,3587.000
2024-05-09,3581.000,3618.000,3553.000,3571.000,2037850,2346994,3582.000
2024-05-10,3561.000,3573.000,3503.000,3523.000,2077547,2263120,3536.000
2024-05-13,3524.000,3564.000,3520.000,3559.000,1394072,2284946,3542.000
2024-05-14,3551.000,3582.000,3530.000,3536.000,1465774,2289142,3559.000
2024-05-15,3527.000,3571.000,3521.000,3565.000,1202660,2302477,3549.000
2024-05-16,3580.000,3583.000,3541.000,3550.000,1199995,2292083,3562.000
2024-05-17,3553.000,3600.000,3542.000,3592.000,1393390,2308938,3571.000
2024-05-20,3590.000,3601.000,3558.000,3583.000,1330361,2272486,3578.000
2024-05-21,3585.000,3636.000,3566.000,3580.000,2109697,2272234,3601.000
2024-05-22,3582.000,3624.000,3568.000,3622.000,1352672,2287063,3594.000
2024-05-23,3614.000,3633.000,3585.000,3622.000,1813993,2280409,3613.000
2024-05-24,3641.000,3659.000,3585.000,3589.000,1747014,2294023,3624.000
2024-05-27,3599.000,3630.000,3581.000,3588.000,1423191,2251447,3599.000
2024-05-28,3588.000,3621.000,3550.000,3560.000,1515711,2193956,3589.000
2024-05-29,3550.000,3556.000,3465.000,3509.000,2350702,2072224,3503.000
2024-05-30,3497.000,3505.000,3462.000,3481.000,1345371,2030757,3486.000
2024-05-31,3482.000,3502.000,3469.000,3495.000,1055510,1997370,3485.000
2024-06-03,3508.000,3509.000,3437.000,3447.000,1228971,1973553,3466.000
2024-06-04,3460.000,3476.000,3432.000,3466.000,1145505,1982448,3457.000
2024-06-05,3455.000,3500.000,3454.000,3487.000,1194279,2022283,3480.000
2024-06-06,3490.000,3503.000,3463.000,3502.000,1150190,2011086,3486.000
2024-06-07,3503.000,3532.000,3488.000,3494.000,1243405,1989556,3510.000
2024-06-11,3498.000,3520.000,3472.000,3477.000,750496,1989722,3489.000
2024-06-12,3480.000,3494.000,3455.000,3485.000,1087413,1988134,3473.000
2024-06-13,3480.000,3496.000,3415.000,3417.000,1543972,2035860,3459.000
2024-06-14,3430.000,3468.000,3426.000,3457.000,1132156,1969692,3446.000
2024-06-17,3455.000,3458.000,3373.000,3399.000,1379866,1940071,3411.000
2024-06-18,3397.000,3397.000,3355.000,3362.000,1202467,1909550,3371.000
2024-06-19,3370.000,3382.000,3353.000,3374.000,989483,1833355,3370.000
2024-06-20,3380.000,3388.000,3353.000,3379.000,1172398,1796389,3370.000
2024-06-21,3360.000,3372.000,3326.000,3334.000,1274629,1782029,3346.000
2024-06-24,3334.000,3374.000,3321.000,3347.000,1220332,1774640,3349.000
2024-06-25,3338.000,3372.000,3325.000,3358.000,1024494,1784918,3345.000
2024-06-26,3342.000,3376.000,3331.000,3360.000,1077693,1814070,3351.000
2024-06-27,3350.000,3375.000,3339.000,3363.000,1210970,1807701,3358.000
2024-06-28,3372.000,3382.000,3354.000,3374.000,956329,1780999,3368.000
2024-07-01,3375.000,3387.000,3328.000,3366.000,1440504,1826382,3356.000
2024-07-02,3353.000,3400.000,3340.000,3393.000,1471131,1752114,3367.000
2024-07-03,3401.000,3421.000,3370.000,3381.000,1250461,1769687,3394.000
2024-07-04,3389.000,3394.000,3293.000,3307.000,1771139,1851877,3345.000
2024-07-05,3310.000,3355.000,3298.000,3338.000,1167121,1742897,3327.000
2024-07-08,3338.000,3359.000,3308.000,3313.000,1111714,1721949,3332.000
2024-07-09,3300.000,3300.000,3244.000,3258.000,1338654,1652718,3266.000
2024-07-10,3268.000,3273.000,3197.000,3225.000,1226791,1576677,3230.000
2024-07-11,3241.000,3248.000,3184.000,3185.000,999446,1598755,3213.000
2024-07-12,3201.000,3206.000,3164.000,3166.000,1056263,1568910,3188.000
2024-07-15,3170.000,3176.000,3091.000,3105.000,1374114,1554110,3122.000
2024-07-16,3090.000,3119.000,3071.000,3084.000,1191815,1545176,3093.000
2024-07-17,3088.000,3186.000,3083.000,3111.000,2173390,1459391,3131.000
2024-07-18,3121.000,3123.000,3093.000,3112.000,1037472,1456103,3108.000
2024-07-19,3113.000,3157.000,3099.000,3148.000,1164392,1433492,3128.000
2024-07-22,3157.000,3180.000,3138.000,3163.000,1041876,1433181,3158.000
2024-07-23,3161.000,3197.000,3144.000,3154.000,1167286,1437595,3170.000
2024-07-24,3175.000,3183.000,3141.000,3159.000,1201027,1426217,3166.000
2024-07-25,3162.000,3179.000,3126.000,3142.000,1162703,1386203,3148.000
2024-07-26,3156.000,3190.000,3150.000,3161.000,1147450,1368353,3169.000
2024-07-29,3140.000,3154.000,3046.000,3101.000,1580660,1375323,3099.000
2024-07-30,3080.000,3109.000,3066.000,3084.000,987365,1319954,3084.000
2024-07-31,3065.000,3097.000,3054.000,3093.000,1059026,1267010,3072.000
2024-08-01,3085.000,3092.000,3029.000,3072.000,1184480,1233961,3065.000
2024-08-02,3063.000,3087.000,3047.000,3084.000,902804,1171415,3065.000
2024-08-05,3084.000,3098.000,3047.000,3055.000,919749,1146284,3075.000
2024-08-06,3029.000,3068.000,3017.000,3023.000,998229,1103100,3038.000
2024-08-07,3031.000,3037.000,2962.000,2979.000,1148759,1048785,2997.000
2024-08-08,2981.000,3012.000,2972.000,2992.000,894169,922297,2990.000
2024-08-09,2992.000,3002.000,2952.000,2991.000,825611,844205,2978.000
2024-08-12,2997.000,3005.000,2943.000,2981.000,775961,750416,2980.000
2024-08-13,2968.000,2988.000,2862.000,2877.000,879813,649471,2929.000
2024-08-14,2938.000,2938.000,2866.000,2911.000,1287927,1279089,2902.000
2024-08-15,2923.000,2954.000,2920.000,2949.000,1013529,1298632,2938.000
2024-08-16,2930.000,2975.000,2926.000,2936.000,1069542,1309294,2947.000
2024-08-19,2931.000,2961.000,2908.000,2917.000,1016556,1343709,2932.000
2024-08-20,2916.000,2971.000,2916.000,2942.000,942080,1370758,2942.000
2024-08-21,2942.000,2964.000,2923.000,2960.000,1032334,1406122,2943.000
2024-08-22,2960.000,2979.000,2940.000,2944.000,1024640,1393574,2963.000
2024-08-23,2931.000,2958.000,2928.000,2929.000,909331,1428021,2942.000
2024-08-26,2930.000,2965.000,2902.000,2955.000,1510879,1487136,2933.000
2024-08-27,2940.000,2985.000,2937.000,2978.000,1064250,1511884,2962.000
2024-08-28,2985.000,3032.000,2984.000,3002.000,1500377,1544870,3008.000
2024-08-29,2989.000,3013.000,2979.000,2998.000,950716,1583368,3000.000
2024-08-30,3013.000,3047.000,3002.000,3027.000,1111433,1561979,3023.000
2024-09-02,3037.000,3045.000,3001.000,3031.000,1310662,1528740,3021.000
2024-09-03,3035.000,3132.000,3021.000,3070.000,2652460,1525956,3061.000
2024-09-04,3080.000,3081.000,3023.000,3036.000,1862827,1472108,3052.000
2024-09-05,3048.000,3103.000,3040.000,3079.000,1986015,1446459,3072.000
2024-09-06,3076.000,3128.000,3070.000,3122.000,1716143,1434576,3097.000
2024-09-09,3135.000,3145.000,3062.000,3091.000,1899728,1363455,3098.000
2024-09-10,3106.000,3111.000,3033.000,3040.000,1558256,1377091,3073.000
2024-09-11,3025.000,3065.000,3008.000,3063.000,1334233,1345310,3037.000
2024-09-12,3055.000,3064.000,3027.000,3051.000,1194266,1353889,3044.000
2024-09-13,3054.000,3087.000,3028.000,3075.000,1292466,1320196,3057.000
2024-09-18,3085.000,3139.000,3082.000,3138.000,1199666,1342233,3121.000
2024-09-19,3135.000,3136.000,3065.000,3065.000,1392790,1341345,3096.000
2024-09-20,3074.000,3080.000,3034.000,3065.000,1307293,1339776,3058.000
2024-09-23,3050.000,3071.000,3023.000,3056.000,1215930,1324514,3045.000
2024-09-24,3071.000,3110.000,3065.000,3102.000,1263709,1297733,3092.000
2024-09-25,3127.000,3132.000,3058.000,3061.000,1449937,1342707,0.000
2024-09-26,3048.000,3130.000,3045.000,3116.000,1572093,1271314,3097.000
2024-09-27,3127.000,3130.000,3061.000,3089.000,1496655,1283304,3089.000
2024-09-30,3085.000,3177.000,3075.000,3150.000,1579907,1342957,3127.000
2024-10-08,3100.000,3110.000,3004.000,3019.000,1277324,1430791,3052.000
2024-10-09,3019.000,3070.000,3012.000,3026.000,1343404,1455978,3042.000
2024-10-10,3023.000,3040.000,2984.000,3022.000,1221122,1488599,3021.000
2024-10-11,3012.000,3022.000,2971.000,2974.000,1224523,1554800,3000.000
2024-10-14,2981.000,3014.000,2955.000,2991.000,1442315,1525423,2983.000
2024-10-15,2983.000,3019.000,2977.000,2992.000,1138013,1532553,2997.000
2024-10-16,2989.000,3015.000,2968.000,3009.000,1077843,1521055,2998.000
2024-10-17,3006.000,3033.000,2952.000,2961.000,1358422,1578174,2993.000
2024-10-18,2960.000,3005.000,2931.000,2995.000,1260723,1514911,2970.000
2024-10-21,2995.000,3020.000,2944.000,2985.000,1340684,1513916,2983.000
2024-10-22,2980.000,2991.000,2964.000,2978.000,774124,1521600,2976.000
2024-10-23,2982.000,3017.000,2966.000,2988.000,1267512,1522343,2993.000
2024-10-24,2982.000,3003.000,2975.000,2984.000,946497,1540972,2989.000
2024-10-25,3007.000,3022.000,2946.000,2948.000,1337716,1650157,2979.000
2024-10-28,2953.000,2998.000,2930.000,2985.000,1311338,1570461,2965.000
2024-10-29,2980.000,3017.000,2958.000,3012.000,1278880,1567183,2983.000
2024-10-30,3015.000,3026.000,2966.000,3015.000,1543142,1528721,2995.000
2024-10-31,3015.000,3020.000,2983.000,2992.000,985734,1521998,2999.000
2024-11-01,3005.000,3007.000,2962.000,2963.000,1145002,1613832,2986.000
2024-11-04,2970.000,3005.000,2954.000,2985.000,1147814,1550164,2980.000
2024-11-05,2989.000,2996.000,2952.000,2957.000,903669,1589497,2973.000
2024-11-06,2965.000,3012.000,2960.000,3002.000,1513898,1514720,2989.000
2024-11-07,3007.000,3109.000,2999.000,3093.000,2289434,1537465,3068.000
2024-11-08,3112.000,3116.000,3005.000,3013.000,2002591,1443959,3061.000
2024-11-11,3023.000,3103.000,3008.000,3086.000,1654784,1381218,3063.000
2024-11-12,3079.000,3098.000,3056.000,3067.000,1004421,1319824,3077.000
2024-11-13,3060.000,3083.000,3051.000,3059.000,830971,1263081,3067.000
2024-11-14,3060.000,3060.000,3031.000,3035.000,679765,1228382,3045.000
2024-11-15,2903.000,2908.000,2808.000,2814.000,1514286,1850270,2851.000
2024-11-18,2822.000,2834.000,2811.000,2821.000,935137,1880477,2821.000
2024-11-19,2823.000,2844.000,2815.000,2836.000,768469,1888405,2829.000
2024-11-20,2839.000,2840.000,2813.000,2827.000,699709,1915684,2824.000
2024-11-21,2821.000,2830.000,2807.000,2822.000,780874,1968363,2820.000
2024-11-22,2818.000,2819.000,2766.000,2767.000,1269653,2091800,2791.000
2024-11-25,2768.000,2798.000,2767.000,2792.000,970370,2104210,2787.000
2024-11-26,2789.000,2818.000,2778.000,2807.000,1160580,2077028,2801.000
2024-11-27,2813.000,2824.000,2793.000,2804.000,904606,2114896,2806.000
2024-11-28,2802.000,2807.000,2791.000,2800.000,641232,2143775,2798.000
2024-11-29,2799.000,2813.000,2787.000,2801.000,773803,2114846,2802.000
2024-12-02,2807.000,2809.000,2773.000,2783.000,907072,2241379,2786.000
2024-12-03,2780.000,2788.000,2737.000,2757.000,1242029,2378924,2760.000
2024-12-04,2761.000,2766.000,2694.000,2706.000,1453540,2494350,2726.000
2024-12-05,2705.000,2707.000,2645.000,2660.000,1658148,2462115,2672.000
2024-12-06,2658.000,2671.000,2647.000,2656.000,1080277,2463297,2660.000
2024-12-09,2662.000,2685.000,2650.000,2681.000,1010915,2423368,2665.000
2024-12-10,2682.000,2699.000,2662.000,2673.000,1205796,2440356,2681.000
2024-12-11,2673.000,2683.000,2641.000,2650.000,1176106,2581559,2662.000
2024-12-12,2646.000,2660.000,2636.000,2646.000,1075034,2611291,2647.000
2024-12-13,2646.000,2650.000,2616.000,2642.000,1428147,2587746,2636.000
2024-12-16,2643.000,2655.000,2620.000,2651.000,1403209,2587847,2638.000
2024-12-17,2652.000,2655.000,2608.000,2614.000,1262547,2713657,2625.000
2024-12-18,2602.000,2610.000,2562.000,2567.000,1706657,2763005,2585.000
2024-12-19,2561.000,2586.000,2549.000,2572.000,1665243,2752639,2565.000
2024-12-20,2567.000,2637.000,2561.000,2633.000,2116166,2666258,2600.000
2024-12-23,2638.000,2659.000,2608.000,2616.000,1791827,2581872,2627.000
2024-12-24,2617.000,2632.000,2609.000,2628.000,1027395,2574207,2621.000
2024-12-25,2630.000,2649.000,2615.000,2645.000,1116068,2557221,2631.000
2024-12-26,2638.000,2672.000,2624.000,2668.000,1272960,2511561,2649.000
2024-12-27,2672.000,2698.000,2665.000,2670.000,1528419,2467545,2679.000
2024-12-30,2671.000,2687.000,2662.000,2683.000,1237240,2442770,2675.000
2024-12-31,2689.000,2713.000,2682.000,2696.000,1501390,2366120,2696.000
2025-01-02,2722.000,2731.000,2704.000,2716.000,1145644,2321102,2720.000
2025-01-03,2718.000,2728.000,2671.000,2688.000,1895027,2292291,2703.000
2025-01-06,2678.000,2712.000,2652.000,2697.000,1892896,2266318,2683.000
2025-01-07,2710.000,2712.000,2640.000,2647.000,1691120,2299797,2670.000
2025-01-08,2648.000,2672.000,2636.000,2646.000,1272905,2292826,2655.000
2025-01-09,2640.000,2645.000,2613.000,2616.000,1293690,2288773,2628.000
2025-01-10,2616.000,2660.000,2616.000,2659.000,1351136,2262095,2640.000
2025-01-13,2665.000,2744.000,2646.000,2741.000,1669198,2258637,2707.000
2025-01-14,2740.000,2780.000,2734.000,2753.000,1544455,2276393,2751.000
2025-01-15,2746.000,2774.000,2740.000,2772.000,1276348,2292592,2756.000
2025-01-16,2765.000,2791.000,2744.000,2761.000,1429502,2310430,2763.000
2025-01-17,2753.000,2788.000,2733.000,2779.000,1487945,2309560,2762.000
2025-01-20,2777.000,2815.000,2771.000,2812.000,1643299,2278067,2790.000
2025-01-21,2813.000,2865.000,2800.000,2849.000,1963749,2297636,2830.000
2025-01-22,2849.000,2864.000,2824.000,2844.000,1733833,2293011,2848.000
2025-01-23,2846.000,2871.000,2828.000,2836.000,1584837,2286450,2848.000
2025-01-24,2845.000,2863.000,2823.000,2840.000,1277374,2231280,2845.000
2025-01-27,2831.000,2835.000,2783.000,2822.000,1186594,2085658,2810.000
2025-02-05,2897.000,2935.000,2874.000,2932.000,1148940,2152135,2906.000
2025-02-06,2928.000,2941.000,2876.000,2902.000,1635924,2100409,2907.000
2025-02-07,2905.000,2921.000,2861.000,2909.000,1563129,2121699,2894.000
2025-02-10,2898.000,2953.000,2885.000,2899.000,2384120,2240983,2917.000
2025-02-11,2904.000,2914.000,2881.000,2900.000,1727662,2242674,2897.000
2025-02-12,2908.000,2909.000,2835.000,2854.000,1977662,2255678,2867.000
2025-02-13,2837.000,2854.000,2820.000,2845.000,1468626,2251568,2837.000
2025-02-14,2840.000,2895.000,2838.000,2883.000,1901210,2272234,2869.000
2025-02-17,2890.000,2900.000,2843.000,2849.000,1668683,2274740,2868.000
2025-02-18,2850.000,2877.000,2847.000,2858.000,1313441,2290185,2860.000
2025-02-19,2868.000,2905.000,2865.000,2902.000,1453803,2329006,2885.000
2025-02-20,2909.000,2930.000,2893.000,2929.000,1378791,2361145,2909.000
2025-02-21,2922.000,2985.000,2921.000,2945.000,2166845,2417013,2955.000
2025-02-24,2945.000,2964.000,2896.000,2905.000,1918688,2362074,2934.000
2025-02-25,2905.000,2927.000,2885.000,2912.000,1397215,2325018,2909.000
2025-02-26,2900.000,2905.000,2864.000,2886.000,1713854,2289003,2884.000
2025-02-27,2879.000,2942.000,2874.000,2939.000,1811459,2373324,2909.000
2025-02-28,2943.000,2946.000,2915.000,2932.000,1722067,2347894,2928.000
2025-03-03,2932.000,3016.000,2922.000,3007.000,3295074,2526410,2970.000
2025-03-04,3001.000,3025.000,2944.000,2974.000,3651982,2515495,2983.000
2025-03-05,2968.000,2983.000,2877.000,2881.000,3159926,2388573,2925.000
2025-03-06,2895.000,2901.000,2854.000,2893.000,2463990,2270696,2883.000
2025-03-07,2891.000,2924.000,2882.000,2885.000,2093860,2200948,2902.000
2025-03-10,2886.000,2979.000,2863.000,2937.000,3262779,2201707,2928.000
2025-03-11,2940.000,2945.000,2851.000,2855.000,2943228,2140025,2877.000
2025-03-12,2862.000,2875.000,2822.000,2838.000,2150178,2055817,2844.000
2025-03-13,2830.000,2879.000,2825.000,2877.000,2148093,1978026,2859.000
2025-03-14,2886.000,2904.000,2878.000,2901.000,1638474,1942729,2890.000
2025-03-17,2901.000,2929.000,2891.000,2895.000,1898561,1906672,2909.000
2025-03-18,2899.000,2917.000,2889.000,2907.000,1412875,1882645,2903.000
2025-03-19,2907.000,2924.000,2880.000,2909.000,1529830,1839880,2905.000
2025-03-20,2905.000,2935.000,2854.000,2855.000,2348030,1819976,2897.000
2025-03-21,2850.000,2883.000,2845.000,2861.000,1448365,1776189,2864.000
2025-03-24,2860.000,2862.000,2834.000,2858.000,1209601,1753383,2848.000
2025-03-25,2855.000,2879.000,2848.000,2868.000,973231,1716506,2860.000
2025-03-26,2863.000,2874.000,2816.000,2820.000,1570447,1736626,2842.000
2025-03-27,2824.000,2837.000,2806.000,2826.000,1148403,1590086,2822.000
2025-03-28,2970.000,2970.000,2939.000,2942.000,547756,1795382,2952.000
2025-03-31,2942.000,2992.000,2934.000,2989.000,682366,1833643,2966.000
2025-04-01,2985.000,2991.000,2938.000,2951.000,865877,1843857,2961.000
2025-04-02,2960.000,2986.000,2945.000,2983.000,683460,1864781,2969.000
2025-04-03,2983.000,3041.000,2965.000,3039.000,1442436,1960957,3005.000
2025-04-07,3100.000,3120.000,3042.000,3056.000,2068098,2069991,3079.000
2025-04-08,3057.000,3168.000,3048.000,3164.000,2551277,2349506,3102.000
2025-04-09,3162.000,3164.000,3091.000,3119.000,2980757,2416074,3133.000
2025-04-10,3141.000,3146.000,3053.000,3074.000,2599623,2396848,3093.000
2025-04-11,3078.000,3093.000,3051.000,3082.000,1948453,2368722,3074.000
2025-04-14,3086.000,3118.000,3075.000,3104.000,2164045,2426884,3097.000
2025-04-15,3106.000,3124.000,3064.000,3066.000,1944264,2484209,3094.000
2025-04-16,3060.000,3081.000,3011.000,3013.000,2192116,2482896,3043.000
2025-04-17,3027.000,3036.000,3012.000,3020.000,1371591,2427840,3024.000
2025-04-18,3020.000,3031.000,3004.000,3021.000,1403534,2414587,3019.000
2025-04-21,3020.000,3066.000,3012.000,3045.000,1817594,2399555,3043.000
2025-04-22,3048.000,3064.000,3032.000,3054.000,1583221,2416736,3048.000
2025-04-23,3052.000,3064.000,3023.000,3048.000,1733334,2418994,3044.000
2025-04-24,3042.000,3075.000,3034.000,3059.000,1919721,2417063,3055.000
2025-04-25,3055.000,3061.000,3023.000,3031.000,1774441,2437193,3041.000
2025-04-28,3025.000,3034.000,2975.000,2985.000,1850403,2494787,2998.000
2025-04-29,2985.000,2992.000,2961.000,2964.000,1405713,2473108,2977.000
2025-04-30,2961.000,2970.000,2918.000,2920.000,1479625,2453947,2945.000
2025-05-06,2904.000,2932.000,2896.000,2915.000,821492,2473347,2921.000
2025-05-07,2920.000,2929.000,2905.000,2920.000,1299306,2538728,2917.000
2025-05-08,2916.000,2922.000,2895.000,2919.000,1176721,2543725,2912.000
2025-05-09,2926.000,2929.000,2897.000,2899.000,1098731,2607876,2913.000
2025-05-12,2905.000,2911.000,2865.000,2908.000,1806635,2579668,2893.000
2025-05-13,2909.000,2925.000,2885.000,2886.000,1354709,2591086,2903.000
2025-05-14,2885.000,2918.000,2875.000,2914.000,1257254,2548303,2898.000
2025-05-15,2908.000,2925.000,2888.000,2923.000,1193644,2542934,2903.000
2025-05-16,2920.000,2922.000,2890.000,2899.000,1310312,2536619,2902.000
2025-05-19,2895.000,2910.000,2880.000,2886.000,1048384,2571732,2893.000
2025-05-20,2888.000,2895.000,2861.000,2889.000,1023983,2567545,2879.000
2025-05-21,2896.000,2937.000,2885.000,2934.000,1288423,2524917,2908.000
2025-05-22,2936.000,2946.000,2920.000,2939.000,1299829,2490628,2932.000
2025-05-23,2944.000,2966.000,2939.000,2952.000,1187445,2422679,2950.000
2025-05-26,2945.000,2958.000,2935.000,2950.000,1005432,2393203,2947.000
2025-05-27,2952.000,2974.000,2940.000,2966.000,1067156,2373869,2958.000
2025-05-28,2966.000,2978.000,2952.000,2961.000,961683,2316480,2963.000
2025-05-29,2956.000,2967.000,2932.000,2962.000,1247001,2249248,2953.000
2025-05-30,2952.000,2985.000,2944.000,2968.000,1333795,2209609,2966.000
2025-06-03,2950.000,2955.000,2927.000,2935.000,1140522,2221712,2939.000
2025-06-04,2938.000,2948.000,2925.000,2939.000,928744,2224255,2938.000
2025-06-05,2948.000,2965.000,2942.000,2958.000,996089,2187751,2954.000
2025-06-06,2956.000,3016.000,2952.000,3010.000,1739214,2274340,2991.000
2025-06-09,3002.000,3023.000,3000.000,3019.000,1083924,2292836,3011.000
2025-06-10,3016.000,3035.000,3005.000,3031.000,1082721,2319959,3019.000
2025-06-11,3031.000,3055.000,3026.000,3047.000,1264945,2355468,3040.000
2025-06-12,3050.000,3065.000,3032.000,3049.000,1296602,2356309,3046.000
2025-06-13,3055.000,3057.000,3037.000,3041.000,1167825,2318021,3048.000
2025-06-16,3040.000,3060.000,3020.000,3045.000,1422022,2305935,3039.000
2025-06-17,3043.000,3087.000,3034.000,3074.000,1404601,2370120,3061.000
2025-06-18,3075.000,3081.000,3058.000,3062.000,1047245,2324483,3071.000
2025-06-19,3060.000,3078.000,3052.000,3077.000,940043,2323742,3063.000
2025-06-20,3077.000,3086.000,3056.000,3067.000,913041,2339532,3070.000
2025-06-23,3074.000,3076.000,3021.000,3037.000,1158175,2341727,3042.000
2025-06-24,3033.000,3040.000,3013.000,3037.000,904147,2330396,3029.000
2025-06-25,3031.000,3037.000,2988.000,2993.000,1342168,2270410,3009.000
2025-06-26,2986.000,2988.000,2921.000,2936.000,1851366,2252700,2951.000
2025-06-27,2940.000,2949.000,2926.000,2946.000,987064,2221758,2938.000
2025-06-30,2942.000,2968.000,2942.000,2961.000,964679,2163708,2958.000
2025-07-01,2968.000,2971.000,2948.000,2961.000,896669,2148616,2961.000
2025-07-02,2951.000,2960.000,2935.000,2944.000,998822,2169357,2947.000
2025-07-03,2952.000,2976.000,2943.000,2958.000,1025841,2133898,2960.000
2025-07-04,2967.000,2976.000,2950.000,2954.000,810518,2123115,2962.000
2025-07-07,2954.000,2969.000,2931.000,2937.000,927127,2128446,2948.000
2025-07-08,2935.000,2946.000,2931.000,2935.000,713595,2134739,2938.000
2025-07-09,2930.000,2956.000,2925.000,2947.000,895519,2120335,2940.000
2025-07-10,2940.000,2960.000,2928.000,2954.000,1086977,2075754,2943.000
2025-07-11,2952.000,2985.000,2952.000,2976.000,1089715,2008008,2971.000
2025-07-14,2976.000,2995.000,2961.000,2992.000,1019387,1993430,2977.000
2025-07-15,2995.000,2999.000,2972.000,2978.000,854905,1962612,2986.000
2025-07-16,2980.000,2989.000,2969.000,2977.000,750341,1942539,2978.000
2025-07-17,2977.000,3033.000,2975.000,3029.000,1468250,1947148,3011.000
2025-07-18,3031.000,3064.000,3023.000,3056.000,1166958,1907175,3043.000
2025-07-21,3060.000,3070.000,3046.000,3069.000,972455,1885694,3059.000
2025-07-22,3071.000,3097.000,3057.000,3086.000,1180910,1851232,3076.000
2025-07-23,3080.000,3121.000,3077.000,3095.000,1166151,1838499,3096.000
2025-07-24,3091.000,3106.000,3003.000,3025.000,1842107,1668155,3041.000
2025-07-25,3029.000,3038.000,3013.000,3021.000,894109,1623603,3025.000
2025-07-28,3017.000,3023.000,2984.000,2990.000,1020578,1560299,3001.000
2025-07-29,2989.000,2992.000,2963.000,2983.000,1013822,1468086,2974.000
2025-07-30,2983.000,3016.000,2979.000,3010.000,1042163,1438908,3001.000
2025-07-31,3007.000,3021.000,2986.000,3000.000,1060322,1415275,3006.000
2025-08-01,2996.000,3022.000,2989.000,3010.000,1016300,1396108,3004.000
2025-08-04,3033.000,3062.000,3032.000,3055.000,470772,1463460,3050.000
2025-08-05,3052.000,3089.000,3051.000,3065.000,573708,1487930,3069.000
2025-08-06,3076.000,3088.000,3052.000,3072.000,591739,1540786,3072.000
2025-08-07,3077.000,3080.000,3054.000,3078.000,527084,1600487,3068.000
2025-08-08,3086.000,3100.000,3078.000,3094.000,609803,1650480,3088.000
2025-08-11,3090.000,3107.000,3033.000,3072.000,1544163,1695053,3069.000
2025-08-12,3072.000,3100.000,3051.000,3091.000,1107230,1757131,3074.000
2025-08-13,3110.000,3190.000,3090.000,3163.000,1964008,1935807,3145.000
2025-08-14,3170.000,3185.000,3147.000,3157.000,1347343,1990701,3164.000
2025-08-15,3150.000,3154.000,3121.000,3137.000,1042430,2015132,3137.000
2025-08-18,3145.000,3167.000,3123.000,3155.000,1057168,2064068,3147.000
2025-08-19,3155.000,3178.000,3152.000,3161.000,933541,2107908,3167.000
2025-08-20,3158.000,3164.000,3131.000,3160.000,1059141,2098746,3146.000
2025-08-21,3158.000,3163.000,3105.000,3113.000,1452869,2059062,3128.000
2025-08-22,3116.000,3116.000,3079.000,3088.000,1278955,2000115,3094.000
2025-08-25,3094.000,3125.000,3089.000,3117.000,944017,1994689,3110.000
2025-08-26,3122.000,3128.000,3080.000,3081.000,1097489,2053457,3097.000
2025-08-27,3081.000,3082.000,3042.000,3045.000,1351719,2090112,3055.000
2025-08-28,3044.000,3064.000,3027.000,3039.000,1114536,2052391,3046.000
2025-08-29,3040.000,3064.000,3031.000,3055.000,910391,2030073,3047.000
2025-09-01,3052.000,3074.000,3049.000,3054.000,799568,2048717,3060.000
2025-09-02,3054.000,3069.000,3046.000,3050.000,757362,2048115,3056.000
2025-09-03,3044.000,3072.000,3039.000,3066.000,798340,2037475,3057.000
2025-09-04,3058.000,3076.000,3046.000,3048.000,956943,2043281,3063.000
2025-09-05,3043.000,3072.000,3042.000,3067.000,767878,1996647,3058.000
2025-09-08,3070.000,3095.000,3064.000,3081.000,1001708,1990833,3079.000
2025-09-09,3080.000,3086.000,3065.000,3075.000,689359,2002836,3076.000
2025-09-10,3079.000,3079.000,3055.000,3066.000,805619,2014690,3064.000
2025-09-11,3067.000,3090.000,3064.000,3088.000,798021,2001532,3075.000
2025-09-12,3090.000,3097.000,3077.000,3079.000,738621,1986206,3087.000
2025-09-15,3080.000,3083.000,3032.000,3042.000,1450741,2050694,3051.000
2025-09-16,3046.000,3058.000,3030.000,3041.000,964263,1995228,3046.000
2025-09-17,3042.000,3051.000,2998.000,3002.000,1383681,2070225,3019.000
2025-09-18,3008.000,3016.000,2990.000,2993.000,807553,2071291,3001.000
2025-09-19,2995.000,3021.000,2983.000,3014.000,895606,2020535,3004.000
2025-09-22,3014.000,3046.000,3007.000,3034.000,1046478,1945986,3030.000
2025-09-23,3013.000,3015.000,2907.000,2928.000,2372830,2007056,2954.000
2025-09-24,2926.000,2940.000,2908.000,2930.000,1226653,2035083,2922.000
2025-09-25,2958.000,2976.000,2951.000,2967.000,1262657,1937464,2961.000
2025-09-26,2972.000,2973.000,2930.000,2937.000,1050116,1986148,2949.000
2025-09-29,2938.000,2952.000,2926.000,2933.000,817240,1925537,2937.000
2025-09-30,2938.000,2943.000,2924.000,2928.000,570193,1864639,2933.000
2025-10-09,2950.000,2952.000,2918.000,2939.000,647477,1869551,2934.000
2025-10-10,2938.000,2944.000,2903.000,2922.000,872310,1927483,2924.000
2025-10-13,2932.000,2957.000,2922.000,2932.000,1110066,1930571,2936.000
2025-10-14,2936.000,2943.000,2883.000,2902.000,1293039,1997420,2912.000
2025-10-15,2902.000,2930.000,2897.000,2917.000,842672,1975574,2914.000
2025-10-16,2913.000,2925.000,2906.000,2907.000,662721,1982359,2915.000
2025-10-17,2910.000,2914.000,2863.000,2868.000,1113825,2044648,2882.000
2025-10-20,2868.000,2910.000,2866.000,2895.000,946854,1984309,2894.000
2025-10-21,2895.000,2913.000,2888.000,2889.000,746759,1985599,2897.000
2025-10-22,2886.000,2892.000,2852.000,2885.000,1101824,1990615,2872.000
2025-10-23,2887.000,2942.000,2880.000,2938.000,1271519,1820261,2916.000
2025-10-24,2938.000,2955.000,2928.000,2933.000,952874,1759344,2940.000
2025-10-27,2937.000,2950.000,2922.000,2932.000,914039,1729663,2934.000
2025-10-28,2934.000,2982.000,2932.000,2975.000,1226995,1659517,2966.000
2025-10-29,2975.000,2995.000,2957.000,2969.000,1016829,1637499,2974.000
2025-10-30,2969.000,2997.000,2965.000,2994.000,1006601,1623129,2981.000
2025-10-31,3005.000,3029.000,2982.000,3021.000,1416424,1649285,3005.000
2025-11-03,3018.000,3058.000,3015.000,3026.000,1248829,1595045,3036.000
2025-11-04,3026.000,3047.000,3012.000,3015.000,961854,1587968,3028.000
2025-11-05,3010.000,3080.000,3002.000,3073.000,1486303,1612675,3039.000
2025-11-06,3073.000,3089.000,3053.000,3068.000,1028963,1568196,3070.000
2025-11-07,3065.000,3070.000,3034.000,3058.000,951916,1577123,3051.000
2025-11-10,3058.000,3068.000,3031.000,3063.000,918540,1593764,3051.000
2025-11-11,3060.000,3070.000,3044.000,3054.000,822179,1602533,3058.000
2025-11-12,3050.000,3073.000,3038.000,3059.000,901296,1639508,3053.000
2025-11-13,3051.000,3077.000,3045.000,3071.000,859543,1651226,3062.000
2025-11-14,3070.000,3099.000,3060.000,3092.000,1071594,1700146,3081.000
2025-11-17,3090.000,3107.000,3024.000,3043.000,1396215,1661229,3051.000
2025-11-18,3048.000,3086.000,3039.000,3041.000,1081749,1651475,3057.000
2025-11-19,3049.000,3054.000,3016.000,3022.000,969051,1597855,3031.000
2025-11-20,3022.000,3027.000,3000.000,3017.000,779955,1549350,3013.000
2025-11-21,3021.000,3027.000,3007.000,3012.000,677574,1511379,3017.000
2025-11-24,3010.000,3020.000,2988.000,3011.000,759681,1486693,3005.000
2025-11-25,3005.000,3025.000,2995.000,3013.000,712323,1453249,3009.000
2025-11-26,3010.000,3033.000,3006.000,3015.000,668734,1403579,3021.000
2025-11-27,3015.000,3062.000,3007.000,3055.000,1118832,1345757,3039.000
2025-11-28,2828.000,2855.000,2828.000,2845.000,398648,1462928,2843.000
2025-12-01,2849.000,2856.000,2826.000,2835.000,465897,1487694,2839.000
2025-12-02,2835.000,2849.000,2829.000,2848.000,417432,1556300,2840.000
2025-12-03,2851.000,2863.000,2833.000,2847.000,504614,1632951,2842.000
2025-12-04,2844.000,2846.000,2812.000,2833.000,898163,1729427,2831.000
2025-12-05,2835.000,2844.000,2820.000,2821.000,584828,1783520,2828.000
2025-12-08,2821.000,2826.000,2770.000,2778.000,1089811,1890767,2793.000
2025-12-09,2781.000,2790.000,2754.000,2763.000,859072,1919537,2771.000
2025-12-10,2755.000,2761.000,2736.000,2754.000,1083237,1933888,2750.000
2025-12-11,2755.000,2765.000,2745.000,2750.000,839217,1963838,2754.000
2025-12-12,2754.000,2789.000,2752.000,2770.000,993590,1925112,2773.000
2025-12-15,2759.000,2772.000,2753.000,2758.000,778583,1964207,2762.000
2025-12-16,2763.000,2780.000,2748.000,2777.000,1038177,2009162,2763.000
2025-12-17,2774.000,2784.000,2752.000,2756.000,798621,2055517,2766.000
2025-12-18,2760.000,2760.000,2732.000,2747.000,773158,2117464,2745.000
2025-12-19,2745.000,2748.000,2726.000,2735.000,645772,2116090,2736.000
2025-12-22,2735.000,2754.000,2727.000,2741.000,865371,2134135,2740.000
2025-12-23,2741.000,2749.000,2736.000,2745.000,568687,2151398,2742.000
2025-12-24,2745.000,2757.000,2726.000,2728.000,904529,2162519,2739.000
2025-12-25,2728.000,2765.000,2719.000,2760.000,962713,2093118,2739.000
2025-12-26,2761.000,2801.000,2760.000,2790.000,1229145,2086665,2782.000
2025-12-29,2793.000,2804.000,2768.000,2774.000,1075551,2124655,2788.000
2025-12-30,2762.000,2779.000,2758.000,2778.000,835557,2144500,2768.000
2025-12-31,2776.000,2780.000,2746.000,2749.000,855707,2149817,2759.000
2026-01-05,2738.000,2757.000,2735.000,2754.000,665950,2177311,2746.000
2026-01-06,2752.000,2778.000,2751.000,2776.000,800156,2174350,2763.000
2026-01-07,2776.000,2815.000,2772.000,2811.000,1290938,2250191,2791.000
2026-01-08,2813.000,2827.000,2781.000,2782.000,1282896,2281609,2804.000
2026-01-09,2788.000,2801.000,2774.000,2786.000,807463,2260449,2786.000
2026-01-12,2780.000,2797.000,2775.000,2790.000,776412,2292372,2786.000
2026-01-13,2799.000,2805.000,2756.000,2761.000,1180639,2258105,2776.000
2026-01-14,2761.000,2764.000,2740.000,2751.000,1080750,2228454,2749.000
2026-01-15,2753.000,2761.000,2737.000,2740.000,808905,2234614,2748.000
2026-01-16,2743.000,2746.000,2723.000,2727.000,902899,2238668,2734.000
2026-01-19,2725.000,2746.000,2710.000,2727.000,1052729,2214219,2728.000
2026-01-20,2730.000,2739.000,2712.000,2736.000,729055,2213007,2726.000
2026-01-21,2736.000,2742.000,2718.000,2725.000,691223,2240906,2727.000
2026-01-22,2731.000,2770.000,2729.000,2768.000,1100908,2198812,2749.000
2026-01-23,2770.000,2773.000,2745.000,2751.000,795964,2161911,2759.000
2026-01-26,2758.000,2776.000,2754.000,2769.000,678241,2136383,2766.000
2026-01-27,2766.000,2773.000,2756.000,2766.000,660637,2178262,2766.000
2026-01-28,2769.000,2789.000,2765.000,2782.000,793254,2184028,2777.000
2026-01-29,2784.000,2809.000,2784.000,2802.000,934382,2193188,2798.000
2026-01-30,2805.000,2808.000,2755.000,2767.000,1107768,2156880,2776.000
2026-02-02,2766.000,2767.000,2746.000,2750.000,842011,2089051,2756.000
2026-02-03,2756.000,2759.000,2721.000,2727.000,1085590,2153812,2736.000
2026-02-04,2732.000,2737.000,2717.000,2723.000,768163,2215665,2725.000
2026-02-05,2715.000,2752.000,2715.000,2731.000,1219219,2212105,2730.000
2026-02-06,2737.000,2748.000,2729.000,2735.000,637898,2156556,2738.000
2026-02-09,2745.000,2760.000,2727.000,2729.000,806209,2096966,2745.000
2026-02-10,2730.000,2742.000,2727.000,2734.000,575336,2077503,2733.000
2026-02-11,2740.000,2777.000,2736.000,2773.000,916844,2006858,2758.000
2026-02-12,2773.000,2802.000,2766.000,2790.000,909298,1930312,2782.000
2026-02-13,2797.000,2813.000,2789.000,2800.000,851618,1862820,2800.000
2026-02-24,2799.000,2806.000,2780.000,2781.000,650347,1886495,2794.000
2026-02-25,2782.000,2845.000,2781.000,2831.000,1336790,2014986,2824.000
2026-02-26,2825.000,2847.000,2818.000,2834.000,828719,2021035,2833.000
2026-02-27,2836.000,2841.000,2815.000,2833.000,720186,2027937,2828.000
2026-03-02,2833.000,2844.000,2809.000,2826.000,905873,1942859,2823.000
2026-03-03,2821.000,2868.000,2818.000,2836.000,1255652,1943827,2843.000
2026-03-04,2851.000,2854.000,2819.000,2829.000,859798,1875372,2835.000
2026-03-05,2827.000,2851.000,2825.000,2843.000,643452,1907786,2837.000
2026-03-06,2847.000,2922.000,2844.000,2915.000,1793260,2089623,2893.000
2026-03-09,2925.000,3066.000,2919.000,2995.000,2567487,1935418,3006.000
2026-03-10,2987.000,3004.000,2922.000,2973.000,1570739,1887486,2962.000
2026-03-11,2993.000,3077.000,2989.000,3068.000,2919190,2030946,3032.000
2026-03-12,3097.000,3124.000,3039.000,3054.000,2239500,1969676,3074.000
2026-03-13,3075.000,3204.000,3055.000,3128.000,2931666,1972278,3132.000
2026-03-16,3123.000,3138.000,3042.000,3071.000,2131687,1978401,3083.000
2026-03-17,3055.000,3088.000,3001.000,3070.000,1803668,1977547,3044.000
2026-03-18,3072.000,3084.000,3020.000,3036.000,1344935,1954770,3052.000
2026-03-19,3050.000,3084.000,3030.000,3042.000,1252389,1928256,3053.000
2026-03-20,3041.000,3057.000,3007.000,3029.000,1421129,1849898,3030.000
2026-03-23,3020.000,3035.000,2972.000,3007.000,1259866,1783092,3009.000
2026-03-24,2985.000,2995.000,2956.000,2961.000,1151834,1695571,2977.000
2026-03-25,2956.000,2964.000,2928.000,2932.000,968286,1671419,2944.000
2026-03-26,2942.000,2969.000,2934.000,2952.000,875439,1614108,2951.000
2026-03-27,2962.000,2962.000,2911.000,2937.000,1033159,1521363,2933.000
2026-03-30,2947.000,2958.000,2920.000,2937.000,791514,1465173,2937.000
2026-03-31,2934.000,2941.000,2904.000,2915.000,717760,1384263,2919.000
2026-04-01,2919.000,2932.000,2870.000,2875.000,913169,1296540,2899.000
2026-04-02,2960.000,2981.000,2951.000,2964.000,512942,1524339,2965.000
2026-04-03,2963.000,2978.000,2947.000,2949.000,493318,1617788,2961.000
2026-04-07,2952.000,2963.000,2939.000,2963.000,371556,1685520,2952.000
2026-04-08,2963.000,2984.000,2943.000,2962.000,778200,1775301,2961.000
2026-04-09,2962.000,2981.000,2954.000,2971.000,770440,1876342,2970.000
2026-04-10,2977.000,3001.000,2963.000,2977.000,1017919,1944718,2982.000
2026-04-13,2981.000,2998.000,2971.000,2980.000,923012,1989260,2983.000
2026-04-14,2984.000,2993.000,2958.000,2977.000,897839,1997226,2977.000
2026-04-15,2981.000,2981.000,2959.000,2977.000,751851,2025559,2970.000
2026-04-16,2981.000,2995.000,2970.000,2991.000,790491,2114195,2981.000
2026-04-17,2985.000,2989.000,2955.000,2958.000,902184,2162663,2970.000
2026-04-20,2956.000,2978.000,2933.000,2967.000,1100049,2204519,2956.000
2026-04-21,2967.000,2982.000,2964.000,2978.000,954037,2273758,2972.000
2026-04-22,2978.000,3034.000,2976.000,3026.000,1655827,2416636,3013.000
2026-04-23,3020.000,3027.000,2981.000,2994.000,1354426,2472154,3001.000
2026-04-24,2991.000,3010.000,2965.000,2984.000,1327417,2471408,2986.000
2026-04-27,2984.000,2994.000,2975.000,2993.000,888919,2448324,2984.000
2026-04-28,2995.000,3010.000,2986.000,3006.000,1017512,2447273,2999.000
2026-04-29,3010.000,3034.000,2996.000,3020.000,1207420,2513695,3017.000
2026-04-30,3018.000,3042.000,3007.000,3021.000,986727,2493483,3024.000
2026-05-06,3040.000,3040.000,2998.000,3007.000,855544,2493929,3015.000
2026-05-07,3004.000,3014.000,2981.000,2988.000,1020196,2520503,2996.000
2026-05-08,2985.000,3007.000,2979.000,3003.000,1125693,2560470,2991.000
2026-05-11,3010.000,3047.000,3003.000,3039.000,1228879,2601290,3023.000
2026-05-12,3047.000,3049.000,3022.000,3033.000,928722,2633835,3035.000
2026-05-13,3033.000,3073.000,3031.000,3048.000,1493305,2689191,3052.000
2026-05-14,3053.000,3072.000,3026.000,3028.000,1475835,2705616,3051.000
2026-05-15,3005.000,3016.000,2974.000,2979.000,1481259,2590953,2998.000
2026-05-18,2971.000,2994.000,2962.000,2985.000,1088032,2571686,2979.000
2026-05-19,2991.000,3039.000,2986.000,3038.000,1325090,2546998,3017.000
2026-05-20,3036.000,3050.000,3020.000,3025.000,1083590,2545066,3030.000
2026-05-21,3016.000,3024.000,2990.000,2993.000,1104110,2458035,3006.000
2026-05-22,2998.000,2999.000,2984.000,2990.000,659103,2461397,2990.000
2026-05-25,2995.000,3009.000,2971.000,2973.000,1000319,2480723,2989.000
2026-05-26,2972.000,2982.000,2960.000,2971.000,839895,2484873,2971.000
2026-05-27,2972.000,2981.000,2965.000,2971.000,684864,2473549,2974.000
2026-05-28,2968.000,3001.000,2963.000,2994.000,826391,2465964,2980.000
2026-05-29,2991.000,3010.000,2986.000,2991.000,788201,2428810,2997.000
2026-06-01,2995.000,2997.000,2973.000,2993.000,820623,2388924,2985.000
2026-06-02,2989.000,2999.000,2964.000,2973.000,908792,2403242,2977.000
2026-06-03,2970.000,2995.000,2949.000,2976.000,1255655,2385479,2968.000
2026-06-04,2982.000,2983.000,2940.000,2943.000,1133899,2447993,2955.000
2026-06-05,2943.000,2947.000,2909.000,2918.000,1196179,2432078,2923.000
2026-06-08,2918.000,2921.000,2896.000,2905.000,935728,2422792,2907.000
